fSLC004-10018371-202311,fSLC004,AG28,윤영태양광발전소 PV,10018371,98.4,6701,5732,85.54,82.41,2.27,1.94,2023-11-01,2023-11-30,30,22928,18894,13225,13225,13220,1322,14542,,10317,0
fSLC004-10015990-202311,fSLC004,5636,JH에너지태양광,10015990,99,11062,10416,94.16,82.41,3.72,3.51,2023-11-01,2023-11-30,30,41664,34335,24034,24034,24030,2403,26433,,18748,0
fSLC004-10015861-202311,fSLC004,6136,청아태양광,10015861,100.98,7887,6855,86.92,82.41,2.6,2.26,2023-11-01,2023-11-30,30,27420,22596,15817,15817,15810,1581,17391,,12339,0
fSLC004-10024812-202311,fSLC004,9377,대영해남태양광,10024812,1000,56715,52779,93.06,82.41,1.89,1.76,2023-11-01,2023-11-30,30,211116,173980,139184,139184,139180,13918,153098,,105558,0
fSLC004-10016386-202311,fSLC004,AY08,스타트베이 태양광발전소,10016386,874.8,64913,61690,95.03,82.41,2.47,2.35,2023-11-01,2023-11-30,30,246760,203354,0,86366,86360,8636,94996,,86366,0
fSLC004-10002402-202311,fSLC004,A203,온누리태양광발전소,10002402,99,8232,7167,87.06,82.41,2.77,2.41,2023-11-01,2023-11-30,30,28668,23625,0,14334,14330,1433,15763,,14334,0
fSLC004-10017017-202311,fSLC004,6455,삼이일태양광발전소,10017017,98.32,8182,7661,93.63,82.41,2.77,2.6,2023-11-01,2023-11-30,30,30644,25253,17677,17677,17670,1767,19437,,13789,0
fSLC004-10015774-202311,fSLC004,5646,JJHAE태양광,10015774,99,10938,10327,94.41,82.41,3.68,3.48,2023-11-01,2023-11-30,30,41308,34041,23828,23828,23820,2382,26202,,18588,0
fSLC004-10001017-202311,fSLC004,AX95,장재울발전소,10001017,298.08,22889,21390,93.45,82.41,2.56,2.39,2023-11-01,2023-11-30,30,85560,70509,0,29946,29940,2994,32934,,29946,0
fSLC004-10002298-202311,fSLC004,AY20,해담은 철원1호,10002298,999.72,81352,78372,96.34,82.41,2.71,2.61,2023-11-01,2023-11-30,30,313488,258345,232510,232510,232510,23251,255761,,0,0
fSLC004-10020294-202311,fSLC004,9413,도촌봉화태양광#1,10020294,700,63193,60596,95.89,82.41,3.01,2.89,2023-11-01,2023-11-30,30,242384,199748,199748,199748,199740,19974,219714,,0,0
fSLC004-10020291-202311,fSLC004,9063,영광태양광,10020291,299,13898,12336,88.76,82.41,1.55,1.38,2023-11-01,2023-11-30,30,49344,40664,32531,32531,32530,3253,35783,,24672,0
fSLC004-10020292-202311,fSLC004,9117,도촌봉화태양광#2,10020292,300,26076,24997,95.86,82.41,2.9,2.78,2023-11-01,2023-11-30,30,99988,82400,57680,57680,57680,5768,63448,,44994,0
fSLC004-10020290-202311,fSLC004,9049,경훈영광태양광,10020290,300,21099,20076,95.15,82.41,2.34,2.23,2023-11-01,2023-11-30,30,80304,66178,52942,52942,52940,5294,58234,,40152,0
fSLC004-10002301-202311,fSLC004,AX89,해담은안평,10002301,477.42,44602,42369,94.99,82.41,3.11,2.96,2023-11-01,2023-11-30,30,169476,139665,125698,125698,125690,12569,138259,,0,0
fSLC004-10003664-202311,fSLC004,AX91,보은태양광발전소,10003664,997.92,86359,82498,95.53,82.41,2.88,2.76,2023-11-01,2023-11-30,30,329992,271946,0,115497,115490,11549,127039,,115497,0
fSLC004-10001249-202311,fSLC004,AY06,하늘사랑태양광발전소,10001249,696,64147,61275,95.52,82.41,3.07,2.93,2023-11-01,2023-11-30,30,245100,201986,0,85785,85780,8578,94358,,85785,0
fSLC004-10002299-202311,fSLC004,AX88,해담은 철원2호,10002299,990,83676,80566,96.28,82.41,2.82,2.71,2023-11-01,2023-11-30,30,322264,265577,239019,239019,239010,23901,262911,,0,0
fSLC004-10020295-202311,fSLC004,9845,재희영암태양광,10020295,998,68512,65813,96.06,82.41,2.29,2.2,2023-11-01,2023-11-30,30,263252,216945,173556,173556,173550,17355,190905,,131626,0
fSLC004-10020302-202311,fSLC004,AX93,㈜디케이솔라,10020302,494.13,51546,49763,96.54,82.41,3.48,3.36,2023-11-01,2023-11-30,30,199052,164038,0,69668,69660,6966,76626,,69668,0
fSLC004-10003914-202311,fSLC004,AX99,하늘태양광발전소,10003914,496.4,51391,49147,95.63,82.41,3.45,3.3,2023-11-01,2023-11-30,30,196588,162008,0,68805,68800,6880,75680,,68805,0
fSLC004-10016224-202311,fSLC004,5658,MJ태양광,10016224,99.84,9348,8974,96,82.41,3.12,3,2023-11-01,2023-11-30,30,35896,29581,20706,20706,20700,2070,22770,,16153,0
fSLC004-10005620-202311,fSLC004,AX90,에코에너지태양광발전소,10005620,499.8,40711,39238,96.38,82.41,2.72,2.62,2023-11-01,2023-11-30,30,156952,129344,0,54933,54930,5493,60423,,54933,0
fSLC004-10003925-202311,fSLC004,AX81,푸른태양광발전소,10003925,876.8,71560,68527,95.76,82.41,2.72,2.61,2023-11-01,2023-11-30,30,274108,225892,0,95937,95930,9593,105523,,95937,0
fSLC004-10015819-202311,fSLC004,5631,승현태양광b,10015819,99,9673,9311,96.26,82.41,3.26,3.14,2023-11-01,2023-11-30,30,37244,30692,21484,21484,21480,2148,23628,,16759,0
fSLC004-10020305-202311,fSLC004,AY21,에스제이태양광발전소,10020305,494.46,39947,38130,95.45,82.41,2.69,2.57,2023-11-01,2023-11-30,30,152520,125691,62845,62845,62840,6284,69124,,0,0
fSLC004-10020299-202311,fSLC004,A523,티에스솔루션태양광,10020299,996,66205,55228,83.42,82.41,2.22,1.85,2023-11-01,2023-11-30,30,220912,182053,136539,136539,136530,13653,150183,,0,0
fSLC004-10016352-202311,fSLC004,5659,정수태양광,10016352,99.2,10348,10005,96.69,82.41,3.48,3.36,2023-11-01,2023-11-30,30,40020,32980,23086,23086,23080,2308,25388,,18009,0
fSLC004-10020296-202311,fSLC004,9917,덕암해남태양광,10020296,990,81419,78568,96.5,82.41,2.74,2.65,2023-11-01,2023-11-30,30,314272,258991,207192,207192,207190,20719,227909,,157136,0
fSLC004-10026243-202311,fSLC004,AX94,샤론2 태양광발전소,10026243,365.04,38764,37532,96.82,82.41,3.54,3.43,2023-11-01,2023-11-30,30,150128,123720,0,52544,52540,5254,57794,,52544,0
fSLC004-10005988-202311,fSLC004,AY10,태일태양광발전소,10005988,299.88,18304,17290,94.46,82.41,2.03,1.92,2023-11-01,2023-11-30,30,69160,56994,0,24206,24200,2420,26620,,24206,0
fSLC004-10016001-202311,fSLC004,AM14,엠에스솔라 태양광발전기,10016001,943.92,66559,60398,90.74,82.41,2.35,2.13,2023-11-01,2023-11-30,30,241592,199095,149321,149321,149320,14932,164252,,0,0
fSLC004-10020298-202311,fSLC004,A150,만월태양광발전소,10020298,996.84,69160,57334,82.9,82.41,2.31,1.92,2023-11-01,2023-11-30,30,229336,188995,141746,141746,141740,14174,155914,,0,0
fSLC004-10001585-202311,fSLC004,AX96,골드태양광발전소,10001585,299.2,19537,18012,92.19,82.41,2.18,2.01,2023-11-01,2023-11-30,30,72048,59374,0,25216,25210,2521,27731,,25216,0
fSLC004-10014987-202311,fSLC004,5657,대양에너지태양광,10014987,99.84,8382,7655,91.33,82.41,2.8,2.56,2023-11-01,2023-11-30,30,30620,25233,17663,17663,17660,1766,19426,,13779,0
fSLC004-10016251-202311,fSLC004,6670,대치에너지태양광발전소,10016251,98.58,12027,11774,97.9,82.41,4.07,3.98,2023-11-01,2023-11-30,30,47096,38811,27167,27167,27160,2716,29876,,21193,0
fSLC004-10015275-202311,fSLC004,AB94,스카이1000 태양광발전소,10015275,997.92,78541,70085,89.23,82.41,2.62,2.34,2023-11-01,2023-11-30,30,280340,231028,173271,173271,173270,17327,190597,,0,0
fSLC004-10020306-202311,fSLC004,9913,용방해남태양광,10020306,900,73984,71387,96.49,82.41,2.74,2.64,2023-11-01,2023-11-30,30,285548,235320,188256,188256,188250,18825,207075,,142774,0
fSLC004-10020297-202311,fSLC004,A056,청산햇빛태양광발전소,10020297,982.8,62243,50551,81.22,82.41,2.11,1.71,2023-11-01,2023-11-30,30,202204,166636,124977,124977,124970,12497,137467,,0,0
fSLC004-10028510-202311,fSLC004,AY11,바다태양광발전소,10028510,347.48,35626,34155,95.87,82.41,3.42,3.28,2023-11-01,2023-11-30,30,136620,112588,0,47817,47810,4781,52591,,47817,0
fSLC004-10003825-202311,fSLC004,AX92,영호태양광발전소,10003825,297.85,24893,23703,95.22,82.41,2.79,2.65,2023-11-01,2023-11-30,30,94812,78134,0,33184,33180,3318,36498,,33184,0
fSLC004-10016048-202311,fSLC004,6654,시온유 태양광발전소,10016048,362.88,32661,31430,96.23,82.41,3,2.89,2023-11-01,2023-11-30,30,125720,103605,77703,77703,77700,7770,85470,,0,0
fSLC008-10026173-202311,fSLC008,ABEI,대한모터스 태양광발전소,10026173,244.79,19489,18597,95.42,89.03,2.65,2.53,2023-11-01,2023-11-30,30,74388,66227,49670,49670,49670,4967,54637,,33474,0
fSLC008-10033267-202311,fSLC008,AA44,유한회사 민채하동1호 태양광발전기,10033267,997.92,97563,90496,92.76,89.03,3.26,3.02,2023-11-01,2023-11-30,30,361984,322274,241705,241705,241700,24170,265870,,180992,0
fSLC008-10033765-202311,fSLC008,A145,삼호태양광발전,10033765,2001,196686,187036,95.09,89.03,3.28,3.12,2023-11-01,2023-11-30,30,748144,666072,599464,599464,599460,59946,659406,,0,0
fSLC008-10012997-202311,fSLC008,B997,목무신1호 태양광발전소,10012997,699.84,51834,49070,94.67,89.03,2.47,2.34,2023-11-01,2023-11-30,30,196280,174748,78636,78636,78630,7863,86493,,58884,0
fSLC008-10031306-202311,fSLC008,9925,온누리나주태양광,10031306,1800,130156,123518,94.9,89.03,2.41,2.29,2023-11-01,2023-11-30,30,494072,439872,351897,351897,351890,35189,387079,,247036,0
fSLC008-10006037-202311,fSLC008,6402,행복태양광발전소_PV,10006037,498.96,39273,35209,89.65,89.03,2.62,2.35,2023-11-01,2023-11-30,30,140836,125386,94039,94039,94030,9403,103433,,63376,0
fSLC008-10024567-202311,fSLC008,5841,JS에너지태양광,10024567,99,9354,8564,91.55,89.03,3.15,2.88,2023-11-01,2023-11-30,30,34256,30498,21348,21348,21340,2134,23474,,15415,0
fSLC008-10006688-202311,fSLC008,AG70,JS태양전력2호,10006688,98.28,6928,5896,85.1,89.03,2.35,2,2023-11-01,2023-11-30,30,23584,20996,15747,15747,15740,1574,17314,,0,0
fSLC008-10003988-202311,fSLC008,6171,초곡태양광발전기,10003988,1492.26,141149,136204,96.5,89.03,3.15,3.04,2023-11-01,2023-11-30,30,544816,485049,339534,339534,339530,33953,373483,,245167,0
fSLC008-10026175-202311,fSLC008,B981,혜성정밀 태양광발전소,10026175,151.68,15811,15475,97.87,89.03,3.47,3.4,2023-11-01,2023-11-30,30,61900,55109,38576,38576,38570,3857,42427,,27855,0
fSLC008-10025710-202311,fSLC008,A070,송원발전,10025710,498.96,53005,51563,97.28,89.03,3.54,3.44,2023-11-01,2023-11-30,30,206252,183626,128538,128538,128530,12853,141383,,92813,0
fSLC008-10000048-202311,fSLC008,6358,솔라파크원주태양광,10000048,1918.08,139406,131395,94.25,89.03,2.42,2.28,2023-11-01,2023-11-30,30,525580,467923,327546,327546,327540,32754,360294,,236511,0
fSLC008-10011839-202311,fSLC008,B998,태양3호 태양광발전소,10011839,294.84,29981,28921,96.46,89.03,3.39,3.27,2023-11-01,2023-11-30,30,115684,102993,46346,46346,46340,4634,50974,,34705,0
fSLC008-10031865-202311,fSLC008,A335,(유)봉남리솔라 태양광발전소,10031865,998.56,72662,66406,91.39,89.03,2.43,2.22,2023-11-01,2023-11-30,30,265624,236485,177363,177363,177360,17736,195096,,132812,0
fSLC008-10031307-202311,fSLC008,5382,아룡1호태양광,10031307,2250.6,136412,119075,87.29,89.03,2.02,1.76,2023-11-01,2023-11-30,30,476300,424049,318036,318036,318030,31803,349833,,238150,0
fSLC008-10033268-202311,fSLC008,A167,한길 태양광발전소,10033268,1809.09,123091,115475,93.81,89.03,2.27,2.13,2023-11-01,2023-11-30,30,461900,411229,287860,287860,287860,28786,316646,,207855,0
fSLC008-10000015-202311,fSLC008,AC22,용진 태양광발전소,10000015,499.5,45527,43444,95.42,89.03,3.04,2.9,2023-11-01,2023-11-30,30,173776,154712,108298,108298,108290,10829,119119,,78199,0
fSLC008-10000052-202311,fSLC008,5635,창표태양광,10000052,2004.64,164984,158332,95.97,89.03,2.74,2.63,2023-11-01,2023-11-30,30,633328,563851,394695,394695,394690,39469,434159,,284997,0
fSLC008-10013209-202311,fSLC008,AD03,해우리발전소,10013209,1804.14,182997,175460,95.88,89.03,3.38,3.24,2023-11-01,2023-11-30,30,701840,624848,531120,531120,531120,53112,584232,,315828,0
fSLC008-10026174-202311,fSLC008,B980,한일테크 태양광발전소,10026174,99.19,9700,9385,96.75,89.03,3.26,3.15,2023-11-01,2023-11-30,30,37540,33421,23394,23394,23390,2339,25729,,16893,0
fSLC008-10010169-202311,fSLC008,7746,티제이태양광,10010169,479.52,39048,36857,94.39,89.03,2.71,2.56,2023-11-01,2023-11-30,30,147428,131255,98441,98441,98440,9844,108284,,66342,0
fSLC008-10031309-202311,fSLC008,6403,태웅태양광발전소_PV,10031309,498.96,40011,35944,89.84,89.03,2.67,2.4,2023-11-01,2023-11-30,30,143776,128003,96002,96002,96000,9600,105600,,64699,0
fSLC008-10005032-202311,fSLC008,A411,관동대 태양광발전소,10005032,1963.125,159300,152302,95.61,89.03,2.7,2.59,2023-11-01,2023-11-30,30,609208,542377,379663,379663,379660,37966,417626,,274143,0
fSLC008-10031862-202311,fSLC008,A252,(유)한울에너지 태양광발전소,10031862,497.25,37818,32968,87.18,89.03,2.54,2.21,2023-11-01,2023-11-30,30,131872,117405,88053,88053,88050,8805,96855,,65936,0
fSLC008-10015809-202311,fSLC008,A936,삼삼태양광PV,10015809,197.1,16972,14799,87.2,89.03,2.87,2.5,2023-11-01,2023-11-30,30,59196,52702,39526,39526,39520,3952,43472,,26638,0
fSLC008-10030580-202311,fSLC008,4812,심천,10030580,298,30428,29579,97.21,89.03,3.4,3.31,2023-11-01,2023-11-30,30,118316,105336,79002,79002,79000,7900,86900,,53242,0
fSLC008-10003998-202311,fSLC008,7781,용곡1태양광발전소,10003998,2015.76,127125,107023,84.19,89.03,2.1,1.77,2023-11-01,2023-11-30,30,428092,381130,266791,266791,266790,26679,293469,,192641,0
fSLC008-10026172-202311,fSLC008,ABGK,한국지붕태양광5 유한회사,10026172,698.4,73780,71856,97.39,89.03,3.52,3.43,2023-11-01,2023-11-30,30,287424,255893,191919,191919,191910,19191,211101,,129340,0
fSLC008-10006677-202311,fSLC008,7680,류천에너지태양광,10006677,903.105,65003,56924,87.57,89.03,2.4,2.1,2023-11-01,2023-11-30,30,227696,202717,152037,152037,152030,15203,167233,,113848,0
fSLC003-10015403-202311,fSLC003,6671,해든에너지3,10015403,99.4,8641,8253,95.51,65.28,2.9,2.77,2023-11-01,2023-11-30,30,33012,21550,17240,17240,17240,1724,18964,,16506,0
fSLC003-10015691-202311,fSLC003,4273,서광동일태양광,10015691,550,44459,42844,96.37,65.28,2.69,2.6,2023-11-01,2023-11-30,30,171376,111874,89499,89499,89490,8949,98439,,85688,0
fSLC003-10020968-202311,fSLC003,AD74,대명솔라2호,10020968,997.12,82165,78014,94.95,65.28,2.75,2.61,2023-11-01,2023-11-30,30,312056,203710,142597,142597,142590,14259,156849,,140425,0
fSLC003-10014012-202311,fSLC003,AB56,그린태양광발전기,10014012,297,23447,22423,95.63,65.28,2.63,2.52,2023-11-01,2023-11-30,30,89692,58550,46840,46840,46840,4684,51524,,44846,0
fSLC003-10012822-202311,fSLC003,6578,은성태양광,10012822,492.75,34687,32346,93.25,65.28,2.35,2.19,2023-11-01,2023-11-30,30,129384,84461,67568,67568,67560,6756,74316,,64692,0
fSLC003-10008778-202311,fSLC003,A139,행원에너지 태양광발전소,10008778,442,31675,29423,92.89,65.28,2.39,2.22,2023-11-01,2023-11-30,30,117692,76829,61463,61463,61460,6146,67606,,58846,0
fSLC003-10012800-202311,fSLC003,AN37,혁정3호 태양광,10012800,498.15,50209,48853,97.3,65.28,3.36,3.27,2023-11-01,2023-11-30,30,195412,127564,102051,102051,102050,10205,112255,,97706,0
fSLC003-10011969-202311,fSLC003,A342,들꽃01,10011969,313.6,25364,24330,95.92,65.28,2.7,2.59,2023-11-01,2023-11-30,30,97320,63530,50824,50824,50820,5082,55902,,48660,0
fSLC003-10020972-202311,fSLC003,AD76,대명솔라6호,10020972,997.12,83037,78784,94.88,65.28,2.78,2.63,2023-11-01,2023-11-30,30,315136,205720,144004,144004,144000,14400,158400,,141811,0
fSLC003-10020969-202311,fSLC003,AD77,대명솔라3호,10020969,997.12,81187,76978,94.82,65.28,2.71,2.57,2023-11-01,2023-11-30,30,307912,201004,140702,140702,140700,14070,154770,,138560,0
fSLC003-10015389-202311,fSLC003,A512,영락태양광발전,10015389,327.06,27807,26654,95.85,65.28,2.83,2.72,2023-11-01,2023-11-30,30,106616,69598,55678,55678,55670,5567,61237,,53308,0
fSLC003-10012803-202311,fSLC003,A094,혁정2호태양광,10012803,497,44382,42007,94.65,65.28,2.98,2.82,2023-11-01,2023-11-30,30,168028,109688,87750,87750,87750,8775,96525,,84014,0
fSLC003-10012806-202311,fSLC003,6307,한남태양광,10012806,299.88,29246,28354,96.95,65.28,3.25,3.15,2023-11-01,2023-11-30,30,113416,74037,59229,59229,59220,5922,65142,,56708,0
fSLC003-10014156-202311,fSLC003,AJ12,세림태양광발전소,10014156,242.77,24427,23675,96.92,65.28,3.35,3.25,2023-11-01,2023-11-30,30,94700,61820,49456,49456,49450,4945,54395,,47350,0
fSLC003-10015372-202311,fSLC003,AE25,제우에너지,10015372,295.875,25918,24659,95.14,65.28,2.92,2.78,2023-11-01,2023-11-30,30,98636,64389,51511,51511,51510,5151,56661,,49318,0
fSLC003-10009503-202311,fSLC003,A984,에스엠솔라텍 태양광발전소 1호,10009503,268.96,22530,21470,95.3,65.28,2.79,2.66,2023-11-01,2023-11-30,30,85880,56062,44849,44849,44840,4484,49324,,42940,0
fSLC003-10009092-202311,fSLC003,A283,(주)에스엠솔라텍 태양광발전소,10009092,498.56,41206,39263,95.28,65.28,2.76,2.63,2023-11-01,2023-11-30,30,157052,102523,82018,82018,82010,8201,90211,,78526,0
fSLC003-10020970-202311,fSLC003,AD75,대명솔라4호,10020970,997.12,92388,88000,95.25,65.28,3.09,2.94,2023-11-01,2023-11-30,30,352000,229785,160849,160849,160840,16084,176924,,158400,0
fSLC003-10020974-202311,fSLC003,AD80,대명솔라8호,10020974,498.56,44051,41739,94.75,65.28,2.95,2.79,2023-11-01,2023-11-30,30,166956,108988,76291,76291,76290,7629,83919,,75130,0
fSLC003-10015371-202311,fSLC003,6673,해든에너지5,10015371,99.4,8692,8283,95.29,65.28,2.91,2.78,2023-11-01,2023-11-30,30,33132,21628,17302,17302,17300,1730,19030,,16566,0
fSLC003-10000300-202311,fSLC003,5628,경수태양광,10000300,99.225,11599,11398,98.27,65.28,3.9,3.83,2023-11-01,2023-11-30,30,45592,29762,23809,23809,23800,2380,26180,,22796,0
fSLC003-10020693-202311,fSLC003,4275,서광무릉태양광,10020693,518,44072,42458,96.34,65.28,2.84,2.73,2023-11-01,2023-11-30,30,169832,110866,88692,88692,88690,8869,97559,,84916,0
fSLC003-10014223-202311,fSLC003,AK94,무릉태양광발전,10014223,491.4,44023,42078,95.58,65.28,2.99,2.85,2023-11-01,2023-11-30,30,168312,109874,87899,87899,87890,8789,96679,,84156,0
fSLC003-10012766-202311,fSLC003,AQ34,혁정4호 태양광,10012766,498.15,49526,48037,96.99,65.28,3.31,3.21,2023-11-01,2023-11-30,30,192148,125434,100347,100347,100340,10034,110374,,96074,0
fSLC003-10015413-202311,fSLC003,4233,강산에너지태양광,10015413,748,29035,24365,83.92,65.28,1.29,1.09,2023-11-01,2023-11-30,30,97460,63621,50896,50896,50890,5089,55979,,48730,0
fSLC003-10020689-202311,fSLC003,4274,서광신도태양광,10020689,302,27336,26354,96.41,65.28,3.02,2.91,2023-11-01,2023-11-30,30,105416,68815,55052,55052,55050,5505,60555,,52708,0
fSLC003-10016343-202311,fSLC003,A276,우림1태양광,10016343,199.92,18926,18239,96.37,65.28,3.16,3.04,2023-11-01,2023-11-30,30,72956,47625,38100,38100,38100,3810,41910,,36478,0
fSLC003-10020973-202311,fSLC003,AD79,대명솔라7호,10020973,997.12,92472,88011,95.18,65.28,3.09,2.94,2023-11-01,2023-11-30,30,352044,229814,160869,160869,160860,16086,176946,,158419,0
fSLC003-10012764-202311,fSLC003,4707,태원태양광,10012764,864,60715,57593,94.86,65.28,2.34,2.22,2023-11-01,2023-11-30,30,230372,150386,120308,120308,120300,12030,132330,,115186,0
fSLC003-10012818-202311,fSLC003,7809,은성2호태양광,10012818,295.65,20137,18784,93.28,65.28,2.27,2.12,2023-11-01,2023-11-30,30,75136,49048,39238,39238,39230,3923,43153,,37568,0
fSLC003-10015388-202311,fSLC003,A219,우리태양광발전소,10015388,497,35797,33218,92.8,65.28,2.4,2.23,2023-11-01,2023-11-30,30,132872,86738,69390,69390,69390,6939,76329,,66436,0
fSLC003-10012802-202311,fSLC003,A091,혁정1호태양광,10012802,498,45846,43975,95.92,65.28,3.07,2.94,2023-11-01,2023-11-30,30,175900,114827,91861,91861,91860,9186,101046,,87950,0
fSLC003-10012961-202311,fSLC003,6363,지앤비1호태양광발전소,10012961,260.1,16054,14963,93.2,65.28,2.06,1.92,2023-11-01,2023-11-30,30,59852,39071,31256,31256,31250,3125,34375,,29926,0
fSLC003-10012844-202311,fSLC003,6930,가온태양광발전소,10012844,347.76,27521,26331,95.68,65.28,2.64,2.52,2023-11-01,2023-11-30,30,105324,68755,55004,55004,55000,5500,60500,,52662,0
fSLC003-10013133-202311,fSLC003,AB57,한빛태양광발전기,10013133,297.84,25514,24437,95.78,65.28,2.86,2.73,2023-11-01,2023-11-30,30,97748,63809,51047,51047,51040,5104,56144,,48874,0
fSLC003-10020690-202311,fSLC003,4276,서광그린태양광,10020690,349,31209,30061,96.32,65.28,2.98,2.87,2023-11-01,2023-11-30,30,120244,78495,62796,62796,62790,6279,69069,,60122,0
fSLC003-10003995-202311,fSLC003,7725,시영태양광발전소,10003995,198.72,18389,17569,95.54,65.28,3.08,2.95,2023-11-01,2023-11-30,30,70276,45876,36700,36700,36700,3670,40370,,35138,0
fSLC003-10015402-202311,fSLC003,6286,해든에너지1,10015402,498.42,39724,37481,94.35,65.28,2.66,2.51,2023-11-01,2023-11-30,30,149924,97870,78296,78296,78290,7829,86119,,74962,0
fSLC003-10020971-202311,fSLC003,AD78,대명솔라5호,10020971,997.12,87893,83646,95.17,65.28,2.94,2.8,2023-11-01,2023-11-30,30,334584,218416,152891,152891,152890,15289,168179,,150562,0
fSLC003-10001194-202311,fSLC003,A055,주한 태양광,10001194,199.43,19248,18614,96.71,65.28,3.22,3.11,2023-11-01,2023-11-30,30,74456,48604,38883,38883,38880,3888,42768,,37228,0
fSLC003-10012804-202311,fSLC003,AQ40,혁정5호 태양광,10012804,498.15,49500,48188,97.35,65.28,3.31,3.22,2023-11-01,2023-11-30,30,192752,125828,100662,100662,100660,10066,110726,,96376,0
fSLC003-10013166-202311,fSLC003,A555,거북태양광발전소,10013166,499.5,41916,40191,95.88,65.28,2.8,2.68,2023-11-01,2023-11-30,30,160764,104946,83956,83956,83950,8395,92345,,80382,0
fSLC003-10012801-202311,fSLC003,AL70,성지태양광,10012801,98.4,9377,9110,97.15,65.28,3.18,3.09,2023-11-01,2023-11-30,30,36440,23788,19030,19030,19030,1903,20933,,18220,0
fSLC003-10009372-202311,fSLC003,A785,뱀부 태양광,10009372,250.38,17610,16358,92.89,65.28,2.34,2.18,2023-11-01,2023-11-30,30,65432,42714,34171,34171,34170,3417,37587,,32716,0
fSLC001-10014324-202311,fSLC001,AN06,삼방이피엠3호,10014324,321.3,21719,20484,94.31,81.94,2.25,2.13,2023-11-01,2023-11-30,30,81936,67138,0,40968,40960,4096,45056,,40968,0
fSLC001-10000069-202311,fSLC001,7704,네모5태양광발전소,10000069,396.025,32112,27617,86,81.94,2.7,2.32,2023-11-01,2023-11-30,30,110468,90517,0,55234,55230,5523,60753,,55234,0
fSLC001-10016699-202311,fSLC001,AN13,삼방에너지1호,10016699,982.8,73845,70250,95.13,81.94,2.5,2.38,2023-11-01,2023-11-30,30,281000,230251,0,140500,140500,14050,154550,,140500,0
fSLC001-10007295-202311,fSLC001,AE79,화인9호 태양광발전소,10007295,97.68,8593,7952,92.54,81.94,2.93,2.71,2023-11-01,2023-11-30,30,31808,26063,19547,19547,19540,1954,21494,,15904,0
fSLC001-10004830-202311,fSLC001,A835,경훈태양광,10004830,96.8,7966,7498,94.13,81.94,2.74,2.58,2023-11-01,2023-11-30,30,29992,24575,18431,18431,18430,1843,20273,,14996,0
fSLC001-10016695-202311,fSLC001,AN07,삼방발전소1호,10016695,997.92,56994,52410,91.96,81.94,1.9,1.75,2023-11-01,2023-11-30,30,209640,171779,0,104820,104820,10482,115302,,104820,0
fSLC001-10001229-202311,fSLC001,AC43,성수1호태양광발전소,10001229,491.775,31783,29320,92.25,81.94,2.15,1.99,2023-11-01,2023-11-30,30,117280,96099,0,58640,58640,5864,64504,,58640,0
fSLC001-10000047-202311,fSLC001,7794,용곡4태양광발전소,10000047,499.5,35435,30051,84.81,81.94,2.36,2.01,2023-11-01,2023-11-30,30,120204,98495,0,60102,60100,6010,66110,,60102,0
fSLC001-10005148-202311,fSLC001,A869,에이젯신재생태양광(완도),10005148,99,9527,9163,96.18,81.94,3.21,3.09,2023-11-01,2023-11-30,30,36652,30032,22524,22524,22520,2252,24772,,18326,0
fSLC001-10000050-202311,fSLC001,AB60,영남 태양광발전소 4호기,10000050,984.96,71003,66345,93.44,81.94,2.4,2.25,2023-11-01,2023-11-30,30,265380,217452,0,132690,132690,13269,145959,,132690,0
fSLC001-10000186-202311,fSLC001,AB09,미카엘라협동조합,10000186,97.92,7294,6860,94.05,81.94,2.48,2.34,2023-11-01,2023-11-30,30,27440,22484,16863,16863,16860,1686,18546,,13720,0
fSLC001-10001133-202311,fSLC001,AF70,전곡한빛1호태양광발전소,10001133,996,68146,63047,92.52,81.94,2.28,2.11,2023-11-01,2023-11-30,30,252188,206642,154981,154981,154980,15498,170478,,126094,0
fSLC001-10001819-202311,fSLC001,6778,리라태양광,10001819,816.48,86028,83652,97.24,81.94,3.51,3.42,2023-11-01,2023-11-30,30,334608,274177,205632,205632,205630,20563,226193,,167304,0
fSLC001-10014385-202311,fSLC001,AG89,감당1태양광,10014385,931.41,98403,95904,97.46,81.94,3.52,3.43,2023-11-01,2023-11-30,30,383616,314334,0,191808,191800,19180,210980,,191808,0
fSLC001-10001005-202311,fSLC001,AC66,자등태양광발전소,10001005,999,72363,67758,93.64,81.94,2.41,2.26,2023-11-01,2023-11-30,30,271032,222083,166562,166562,166560,16656,183216,,135516,0
fSLC001-10004133-202311,fSLC001,AB81,한빛일렉트릭태양광,10004133,998.955,72285,69199,95.73,81.94,2.41,2.31,2023-11-01,2023-11-30,30,276796,226806,170104,170104,170100,17010,187110,,138398,0
fSLC001-10007586-202311,fSLC001,AR82,주식회사 우정,10007586,999.68,90984,87699,96.39,81.94,3.03,2.92,2023-11-01,2023-11-30,30,350796,287442,244325,244325,244320,24432,268752,,0,0
fSLC001-10016701-202311,fSLC001,AN15,삼방에너지3호,10016701,278.46,21062,19845,94.22,81.94,2.52,2.38,2023-11-01,2023-11-30,30,79380,65043,0,39690,39690,3969,43659,,39690,0
fSLC001-10000046-202311,fSLC001,7792,용곡3태양광발전기,10000046,499.5,35092,29347,83.63,81.94,2.34,1.96,2023-11-01,2023-11-30,30,117388,96187,0,58694,58690,5869,64559,,58694,0
fSLC001-10007199-202311,fSLC001,5268,천지에너지태양광,10007199,998.4,108104,104400,96.57,81.94,3.61,3.49,2023-11-01,2023-11-30,30,417600,342181,256635,256635,256630,25663,282293,,208800,0
fSLC001-10007727-202311,fSLC001,A364,천광태양광,10007727,498.225,51294,48981,95.49,81.94,3.43,3.28,2023-11-01,2023-11-30,30,195924,160540,120405,120405,120400,12040,132440,,97962,0
fSLC001-10003887-202311,fSLC001,A293,복용쏠라 태양광,10003887,199,19871,18161,91.39,81.94,3.33,3.04,2023-11-01,2023-11-30,30,72644,59524,44643,44643,44640,4464,49104,,36322,0
fSLC001-10016700-202311,fSLC001,AN14,삼방에너지2호,10016700,990.36,61752,57115,92.49,81.94,2.08,1.92,2023-11-01,2023-11-30,30,228460,187200,0,114230,114230,11423,125653,,114230,0
fSLC001-10014383-202311,fSLC001,AH08,감당2호태양광,10014383,995.4,98659,95189,96.48,81.94,3.3,3.19,2023-11-01,2023-11-30,30,380756,311991,0,190378,190370,19037,209407,,190378,0
fSLC001-10002489-202311,fSLC001,AN18,솔라에쿼티코리아003 태양광발전소,10002489,992.8,73138,68433,93.57,81.94,2.46,2.3,2023-11-01,2023-11-30,30,273732,224296,0,136866,136860,13686,150546,,136866,0
fSLC001-10000041-202311,fSLC001,7703,네모4태양광발전소,10000041,498.225,38940,33137,85.1,81.94,2.61,2.22,2023-11-01,2023-11-30,30,132548,108609,0,66274,66270,6627,72897,,66274,0
fSLC001-10009499-202311,fSLC001,A831,에이젯신재생태양광(영광),10009499,96.8,7868,7470,94.94,81.94,2.71,2.57,2023-11-01,2023-11-30,30,29880,24483,18362,18362,18360,1836,20196,,14940,0
fSLC001-10002063-202311,fSLC001,7719,태민태양광발전소,10002063,99.84,9007,8298,92.13,81.94,3.01,2.77,2023-11-01,2023-11-30,30,33192,27197,20397,20397,20390,2039,22429,,16596,0
fSLC001-10000040-202311,fSLC001,7702,네모2태양광발전소,10000040,498.225,40580,34447,84.89,81.94,2.71,2.3,2023-11-01,2023-11-30,30,137788,112903,0,68894,68890,6889,75779,,68894,0
fSLC001-10005230-202311,fSLC001,A833,파워신재생에너지 태양광,10005230,96.8,7738,7458,96.38,81.94,2.66,2.57,2023-11-01,2023-11-30,30,29832,24444,18333,18333,18330,1833,20163,,14916,0
fSLC001-10007726-202311,fSLC001,A362,빛사랑태양광,10007726,498.225,49622,47924,96.58,81.94,3.32,3.21,2023-11-01,2023-11-30,30,191696,157075,117806,117806,117800,11780,129580,,95848,0
fSLC001-10016698-202311,fSLC001,AN05,삼방이피엠1호,10016698,981.12,65568,62065,94.66,81.94,2.23,2.11,2023-11-01,2023-11-30,30,248260,203424,0,124130,124130,12413,136543,,124130,0
fSLC001-10000045-202311,fSLC001,7775,용곡2태양광발전기,10000045,996.78,68629,58685,85.51,81.94,2.3,1.96,2023-11-01,2023-11-30,30,234740,192345,0,117370,117370,11737,129107,,117370,0
fSLC001-10014384-202311,fSLC001,AH09,감당3호태양광,10014384,995.4,105035,102415,97.51,81.94,3.52,3.43,2023-11-01,2023-11-30,30,409660,335675,0,204830,204830,20483,225313,,204830,0
fSLC001-10002488-202311,fSLC001,AN19,솔라에쿼티코리아004 태양광발전소,10002488,993.82,73127,68701,93.95,81.94,2.45,2.3,2023-11-01,2023-11-30,30,274804,225174,0,137402,137400,13740,151140,,137402,0
fSLC001-10011261-202311,fSLC001,5921,금산1호태양광발전기,10011261,99.75,8510,7478,87.87,81.94,2.84,2.5,2023-11-01,2023-11-30,30,29912,24509,18381,18381,18380,1838,20218,,14956,0
fSLC001-10007294-202311,fSLC001,6903,주식회사 송촌에너지 태양광,10007294,958.77,60198,56543,93.93,81.94,2.09,1.97,2023-11-01,2023-11-30,30,226172,185325,138993,138993,138990,13899,152889,,113086,0
fSLC001-10003993-202311,fSLC001,A832,케이앤엘에너지 태양광,10003993,95.04,9837,9576,97.35,81.94,3.45,3.36,2023-11-01,2023-11-30,30,38304,31386,23539,23539,23530,2353,25883,,19152,0
fSLC001-10000049-202311,fSLC001,AB59,솔라에쿼티코리아005 태양광발전소,10000049,984.96,78900,74791,94.79,81.94,2.67,2.53,2023-11-01,2023-11-30,30,299164,245134,0,149582,149580,14958,164538,,149582,0
fSLC001-10000039-202311,fSLC001,7701,네모1태양광발전소,10000039,498.225,39571,33087,83.61,81.94,2.65,2.21,2023-11-01,2023-11-30,30,132348,108445,0,66174,66170,6617,72787,,66174,0
fSLC001-10007252-202311,fSLC001,AG76,(유)경남1호 태양광발전소,10007252,997.92,83959,79918,95.19,81.94,2.8,2.67,2023-11-01,2023-11-30,30,319672,261939,0,159836,159830,15983,175813,,159836,0
fSLC001-10004043-202311,fSLC001,A294,화서 태양광,10004043,199,20114,18497,91.96,81.94,3.37,3.1,2023-11-01,2023-11-30,30,73988,60625,45468,45468,45460,4546,50006,,36994,0
fSLC001-10015231-202311,fSLC001,AD44,마거솔라,10015231,995.4,69872,65250,93.39,81.94,2.34,2.19,2023-11-01,2023-11-30,30,261000,213863,0,130500,130500,13050,143550,,130500,0
fSLC001-10010665-202311,fSLC001,5505,정우태양광,10010665,992,80631,77480,96.09,81.94,2.71,2.6,2023-11-01,2023-11-30,30,309920,253948,190461,190461,190460,19046,209506,,154960,0
fSLC001-10016694-202311,fSLC001,AN08,삼방솔라1호,10016694,914.76,43450,39462,90.82,81.94,1.58,1.44,2023-11-01,2023-11-30,30,157848,129340,0,78924,78920,7892,86812,,78924,0
fSLC005-10015364-202311,fSLC005,AG16,제이티솔라2호PV,10015364,499.5,30222,24880,82.32,88.6,2.02,1.66,2023-11-01,2023-11-30,30,99520,88174,66130,66130,66130,6613,72743,,49760,0
fSLC005-10009260-202311,fSLC005,7657,진현태양광,10009260,497.42,38602,35286,91.41,88.6,2.59,2.36,2023-11-01,2023-11-30,30,141144,125053,93789,93789,93780,9378,103158,,70572,0
fSLC005-10015363-202311,fSLC005,6830,행안태양광,10015363,498.18,37310,31501,84.43,88.6,2.5,2.11,2023-11-01,2023-11-30,30,126004,111639,83729,83729,83720,8372,92092,,63002,0
fSLC005-10015362-202311,fSLC005,9409,경현봉화태양광,10015362,999,90268,87055,96.44,88.6,3.01,2.9,2023-11-01,2023-11-30,30,348220,308522,231391,231391,231390,23139,254529,,174110,0
fSLC005-10015321-202311,fSLC005,AD72,서진1호 태양광발전소,10015321,996.3,95436,86409,90.54,88.6,3.19,2.89,2023-11-01,2023-11-30,30,345636,306233,229674,229674,229670,22967,252637,,172818,0
fSLC005-10006310-202311,fSLC005,AS12,다건태양광발전기,10006310,952.38,73143,69394,94.87,88.6,2.56,2.43,2023-11-01,2023-11-30,30,277576,245932,184449,184449,184440,18444,202884,,138788,0
fSLC005-10006532-202311,fSLC005,6407,영화태양광발전소_PV,10006532,498.96,40378,36404,90.16,88.6,2.7,2.43,2023-11-01,2023-11-30,30,145616,129015,96761,96761,96760,9676,106436,,72808,0
fSLC005-10006308-202311,fSLC005,AS14,썬플라워1호태양광발전기,10006308,998.26,82068,78153,95.23,88.6,2.74,2.61,2023-11-01,2023-11-30,30,312612,276974,207730,207730,207730,20773,228503,,156306,0
fSLC005-10015426-202311,fSLC005,AV98,대원산업태양광발전소,10015426,99.36,7870,7385,93.84,88.6,2.64,2.48,2023-11-01,2023-11-30,30,29540,26172,18320,18320,18320,1832,20152,,13293,0
fSLC005-10014782-202311,fSLC005,6917,썬로드에너지태양광,10014782,989,74096,67815,91.52,88.6,2.5,2.29,2023-11-01,2023-11-30,30,271260,240336,180252,180252,180250,18025,198275,,135630,0
fSLC005-10014847-202311,fSLC005,A913,이엠에너지 태양광,10014847,99,6819,5897,86.48,88.6,2.3,1.99,2023-11-01,2023-11-30,30,23588,20898,15673,15673,15670,1567,17237,,11794,0
fSLC005-10006309-202311,fSLC005,AS13,태인태양광발전기,10006309,912.42,66480,62919,94.64,88.6,2.43,2.3,2023-11-01,2023-11-30,30,251676,222984,167238,167238,167230,16723,183953,,125838,0
fSLC005-10021009-202311,fSLC005,AX71,신한산업사 태양광,10021009,470.015,48370,46647,96.44,88.6,3.43,3.31,2023-11-01,2023-11-30,30,186588,165316,115721,115721,115720,11572,127292,,83964,0
fSLC005-10015360-202311,fSLC005,7636,보령선에너지1호 태양광,10015360,997.92,76139,66883,87.84,88.6,2.54,2.23,2023-11-01,2023-11-30,30,267532,237033,177774,177774,177770,17777,195547,,133766,0
fSLC005-10014810-202311,fSLC005,6967,결실 태양광발전소,10014810,293.76,27647,25353,91.7,88.6,3.14,2.88,2023-11-01,2023-11-30,30,101412,89851,67388,67388,67380,6738,74118,,50706,0
fSLC005-10014761-202311,fSLC005,AM17,호명솔라 태양광발전기,10014761,943.92,67679,60275,89.06,88.6,2.39,2.13,2023-11-01,2023-11-30,30,241100,213614,160210,160210,160210,16021,176231,,120550,0
fSLC005-10015124-202311,fSLC005,AW69,호권태양광발전소,10015124,336,28333,27154,95.84,88.6,2.81,2.69,2023-11-01,2023-11-30,30,108616,96233,67363,67363,67360,6736,74096,,48877,0
fSLC005-10012999-202311,fSLC005,B010,정에너지 유한회사,10012999,499.84,47013,45129,95.99,88.6,3.14,3.01,2023-11-01,2023-11-30,30,180516,159937,71971,71971,71970,7197,79167,,54154,0
fSLC005-10011812-202311,fSLC005,6983,서강레미콘 태양광,10011812,296.4,25128,23009,91.57,88.6,2.83,2.59,2023-11-01,2023-11-30,30,92036,81543,61157,61157,61150,6115,67265,,46018,0
fSLC005-10015122-202311,fSLC005,AW61,삼일태양광발전소,10015122,168,14125,13515,95.68,88.6,2.8,2.68,2023-11-01,2023-11-30,30,54060,47897,33527,33527,33520,3352,36872,,24327,0
fSLC005-10006598-202311,fSLC005,7601,용태양광발전소,10006598,496,40465,36256,89.6,88.6,2.72,2.44,2023-11-01,2023-11-30,30,145024,128491,96368,96368,96360,9636,105996,,72512,0
fSLC005-10015282-202311,fSLC005,A775,(유)삼남2호에너지 태양광발전소,10015282,981.54,69829,63082,90.34,88.6,2.37,2.14,2023-11-01,2023-11-30,30,252328,223562,167671,167671,167670,16767,184437,,126164,0
fSLC005-10015169-202311,fSLC005,AB93,미래아이앤지 태양광발전소,10015169,997.92,79604,71035,89.24,88.6,2.66,2.37,2023-11-01,2023-11-30,30,284140,251748,188811,188811,188810,18881,207691,,142070,0
fSLC005-10015361-202311,fSLC005,6813,서강3호 태양광,10015361,499.32,50099,47078,93.97,88.6,3.34,3.14,2023-11-01,2023-11-30,30,188312,166844,125133,125133,125130,12513,137643,,94156,0
fSLC005-10024371-202311,fSLC005,4841,호성에너지태양광,10024371,995,87817,82470,93.91,88.6,2.94,2.76,2023-11-01,2023-11-30,30,329880,292273,219204,219204,219200,21920,241120,,164940,0
fSLC005-10020756-202311,fSLC005,AY52,에이피텍태양광발전소,10020756,199.2,18420,17774,96.49,88.6,3.08,2.97,2023-11-01,2023-11-30,30,71096,62991,44093,44093,44090,4409,48499,,31993,0
fSLC005-10005523-202311,fSLC005,A410,(유)너울에너지 태양광발전소,10005523,400.4,32977,31223,94.68,88.6,2.75,2.6,2023-11-01,2023-11-30,30,124892,110654,77457,77457,77450,7745,85195,,56201,0
fSLC005-10022073-202311,fSLC005,6180,주천행복태양광,10022073,98.8,7646,6997,91.51,88.6,2.58,2.36,2023-11-01,2023-11-30,30,27988,24797,17357,17357,17350,1735,19085,,12594,0
fSLC005-10006306-202311,fSLC005,7656,썬플라워태양광,10006306,497.42,40075,36458,90.97,88.6,2.69,2.44,2023-11-01,2023-11-30,30,145832,129207,96905,96905,96900,9690,106590,,72916,0
fSLC005-10015280-202311,fSLC005,A774,(유)삼남1호에너지 태양광발전소,10015280,981.54,67771,60451,89.2,88.6,2.3,2.05,2023-11-01,2023-11-30,30,241804,214238,160678,160678,160670,16067,176737,,120902,0
fSLC005-10007416-202311,fSLC005,6849,SKY 태양광,10007416,297.84,30301,28388,93.69,88.6,3.39,3.18,2023-11-01,2023-11-30,30,113552,100607,75455,75455,75450,7545,82995,,56776,0
fSLC005-10006044-202311,fSLC005,A583,대화태양광발전소,10006044,945,69974,62488,89.3,88.6,2.47,2.2,2023-11-01,2023-11-30,30,249952,221457,166092,166092,166090,16609,182699,,124976,0
fSLC005-10013165-202311,fSLC005,6814,서강2호 태양광,10013165,499.32,50152,47185,94.08,88.6,3.35,3.15,2023-11-01,2023-11-30,30,188740,167223,125417,125417,125410,12541,137951,,94370,0
fSLC005-10015365-202311,fSLC005,AG17,제이티솔라3호PV,10015365,499.5,28233,23478,83.16,88.6,1.88,1.57,2023-11-01,2023-11-30,30,93912,83206,62404,62404,62400,6240,68640,,46956,0
fSLC009-10035789-202311,fSLC009,5807,은성쏠라22호태양광,10035789,1442.385,102670,97946,95.4,72.01,2.37,2.26,2023-11-01,2023-11-30,30,391784,282123,0,223316,223310,22331,245641,,223316,0
fSLC009-10035793-202311,fSLC009,A897,은성쏠라37호 태양광발전소,10035793,999,95023,91695,96.5,72.01,3.17,3.06,2023-11-01,2023-11-30,30,366780,264118,0,209064,209060,20906,229966,,209064,0
fSLC009-10035779-202311,fSLC009,5250,친환경단구리태양광,10035779,1496.88,150174,146099,97.29,72.01,3.34,3.25,2023-11-01,2023-11-30,30,584396,420823,0,333105,333100,33310,366410,,333105,0
fSLC009-10035784-202311,fSLC009,A894,은성쏠라12호 태양광발전소,10035784,997.12,90221,86391,95.75,72.01,3.02,2.89,2023-11-01,2023-11-30,30,345564,248840,0,196971,196970,19697,216667,,196971,0
fSLC009-10035794-202311,fSLC009,A898,은성쏠라41호 태양광발전소,10035794,699.3,47412,44328,93.5,72.01,2.26,2.11,2023-11-01,2023-11-30,30,177312,127682,0,101067,101060,10106,111166,,101067,0
fSLC009-10035785-202311,fSLC009,A895,은성쏠라16호 태양광발전소,10035785,997.12,91846,88505,96.36,72.01,3.07,2.96,2023-11-01,2023-11-30,30,354020,254929,0,201791,201790,20179,221969,,201791,0
fSLC009-10035780-202311,fSLC009,5913,은성쏠라5호태양광,10035780,2494.7,225587,219479,97.29,72.01,3.01,2.93,2023-11-01,2023-11-30,30,877916,632187,0,500412,500410,50041,550451,,500412,0
fSLC009-10035782-202311,fSLC009,6462,은성쏠라14호 태양광발전소,10035782,1095.255,47861,42773,89.37,72.01,1.46,1.3,2023-11-01,2023-11-30,30,171092,123203,0,97522,97520,9752,107272,,97522,0
fSLC009-10035851-202311,fSLC009,1935,영광염전태양광발전기,10035851,10981.4,795143,747993,94.07,72.01,2.41,2.27,2023-11-01,2023-11-30,30,2991972,2154519,0,1705424,1705420,170542,1875962,,1705424,0
fSLC009-10035788-202311,fSLC009,5248,형진쏠라12호태양광,10035788,2298.96,211262,202289,95.75,72.01,3.06,2.93,2023-11-01,2023-11-30,30,809156,582673,0,461218,461210,46121,507331,,461218,0
fSLC009-10035791-202311,fSLC009,A381,당진JH태양광발전소,10035791,1603.08,110695,104605,94.5,72.01,2.3,2.18,2023-11-01,2023-11-30,30,418420,301304,0,238499,238490,23849,262339,,238499,0
fSLC009-10035787-202311,fSLC009,AA43,지엘1호 태양광발전소,10035787,799.2,59893,56775,94.79,72.01,2.5,2.37,2023-11-01,2023-11-30,30,227100,163534,0,129447,129440,12944,142384,,129447,0
fSLC009-10035777-202311,fSLC009,1757,안면태양광,10035777,1803.04,144185,136647,94.77,72.01,2.67,2.53,2023-11-01,2023-11-30,30,546588,393598,0,311555,311550,31155,342705,,311555,0
fSLC009-10035775-202311,fSLC009,4683,GMK창원공장3호태양광,10035775,5002,433632,415104,95.73,72.01,2.89,2.77,2023-11-01,2023-11-30,30,1660416,1195665,0,946437,946430,94643,1041073,,946437,0
fSLC009-10035792-202311,fSLC009,A892,은성쏠라36호 태양광발전소,10035792,999,64592,60332,93.4,72.01,2.16,2.01,2023-11-01,2023-11-30,30,241328,173780,0,137556,137550,13755,151305,,137556,0
fSLC009-10035781-202311,fSLC009,6199,은성쏠라4호태양광,10035781,1296.75,100203,94584,94.39,72.01,2.58,2.43,2023-11-01,2023-11-30,30,378336,272439,0,215651,215650,21565,237215,,215651,0
fSLC009-10035786-202311,fSLC009,A896,은성쏠라40호 태양광발전소,10035786,999,79288,75313,94.99,72.01,2.65,2.51,2023-11-01,2023-11-30,30,301252,216931,0,171713,171710,17171,188881,,171713,0
fSLC009-10035790-202311,fSLC009,5846,은성쏠라21호태양광,10035790,1272.05,107209,102319,95.44,72.01,2.81,2.68,2023-11-01,2023-11-30,30,409276,294719,0,233287,233280,23328,256608,,233287,0
fSLC009-10035776-202311,fSLC009,1759,고남태양광,10035776,1534,122612,116212,94.78,72.01,2.66,2.53,2023-11-01,2023-11-30,30,464848,334737,0,264963,264960,26496,291456,,264963,0
fSLC009-10035778-202311,fSLC009,1758,영목태양광,10035778,1203.6,95543,91222,95.48,72.01,2.65,2.53,2023-11-01,2023-11-30,30,364888,262755,0,207986,207980,20798,228778,,207986,0
fSLC009-10035783-202311,fSLC009,A893,은성쏠라10호 태양광발전소,10035783,999.495,94233,91089,96.66,72.01,3.14,3.04,2023-11-01,2023-11-30,30,364356,262372,0,207682,207680,20768,228448,,207682,0
fSLC006-10025300-202311,fSLC006,9649,에스엘영암태양광,10025300,296,27469,26514,96.52,81.17,3.09,2.99,2023-11-01,2023-11-30,30,106056,86085,68868,68868,68860,6886,75746,,53028,0
fSLC006-10000051-202311,fSLC006,A299,네모12태양광발전소,10000051,1824.84,129150,116302,90.05,81.17,2.36,2.12,2023-11-01,2023-11-30,30,465208,377609,264326,264326,264320,26432,290752,,209343,0
fSLC006-10025841-202311,fSLC006,AZ26,고상욱 태양광,10025841,330.24,24760,23374,94.4,81.17,2.5,2.36,2023-11-01,2023-11-30,30,93496,75890,53123,53123,53120,5312,58432,,42073,0
fSLC006-10021762-202311,fSLC006,B925,세영 태양광발전소,10021762,99.84,9802,9529,97.21,81.17,3.27,3.18,2023-11-01,2023-11-30,30,38116,30938,21656,21656,21650,2165,23815,,17152,0
fSLC006-10012315-202311,fSLC006,5334,성안태양광,10012315,1496.88,137021,130716,95.4,81.17,3.05,2.91,2023-11-01,2023-11-30,30,522864,424408,297085,297085,297080,29708,326788,,235288,0
fSLC006-10025327-202311,fSLC006,AY35,한국엠엘 태양광,10025327,132.86,10603,10133,95.57,81.17,2.66,2.54,2023-11-01,2023-11-30,30,40532,32899,23029,23029,23020,2302,25322,,18239,0
fSLC006-10025342-202311,fSLC006,B146,선일이엔지 태양광발전소,10025342,299.52,26411,25307,95.82,81.17,2.94,2.82,2023-11-01,2023-11-30,30,101228,82166,57516,57516,57510,5751,63261,,45552,0
fSLC006-10010607-202311,fSLC006,5763,의성율현태양광,10010607,2000.32,187657,180259,96.06,81.17,3.13,3,2023-11-01,2023-11-30,30,721036,585264,526737,526737,526730,52673,579403,,0,0
fSLC006-10025298-202311,fSLC006,9921,우리영암태양광,10025298,539,47627,45610,95.77,81.17,2.95,2.82,2023-11-01,2023-11-30,30,182440,148086,118468,118468,118460,11846,130306,,91220,0
fSLC006-10025277-202311,fSLC006,AY54,대성 태양광발전소,10025277,218.4,17421,16689,95.8,81.17,2.66,2.55,2023-11-01,2023-11-30,30,66756,54185,37929,37929,37920,3792,41712,,30040,0
fSLC006-10020755-202311,fSLC006,AY17,선호NC태양광,10020755,143.325,10999,10411,94.65,81.17,2.56,2.42,2023-11-01,2023-11-30,30,41644,33802,23661,23661,23660,2366,26026,,18739,0
fSLC006-10020956-202311,fSLC006,AZ85,대진A태양광 발전소,10020956,99.84,8057,7655,95.01,81.17,2.69,2.56,2023-11-01,2023-11-30,30,30620,24854,17397,17397,17390,1739,19129,,13779,0
fSLC006-10016831-202311,fSLC006,AY56,우람 태양광발전소,10016831,171.36,14605,13859,94.89,81.17,2.84,2.7,2023-11-01,2023-11-30,30,55436,44997,31497,31497,31490,3149,34639,,24946,0
fSLC006-10020957-202311,fSLC006,AZ86,대진B 태양광 발전소,10020957,99.84,7551,7127,94.38,81.17,2.52,2.38,2023-11-01,2023-11-30,30,28508,23139,16197,16197,16190,1619,17809,,12828,0
fSLC006-10020979-202311,fSLC006,AS09,동아ENG태양광발전소,10020979,480.48,38057,36549,96.04,81.17,2.64,2.54,2023-11-01,2023-11-30,30,146196,118667,83066,83066,83060,8306,91366,,65788,0
fSLC006-10025835-202311,fSLC006,B036,비엠테크태양광발전소,10025835,98.88,10137,9746,96.14,81.17,3.42,3.29,2023-11-01,2023-11-30,30,38984,31643,22150,22150,22150,2215,24365,,17542,0
fSLC006-10025834-202311,fSLC006,B035,프로솔태양광발전소,10025834,98.88,10496,10270,97.85,81.17,3.54,3.46,2023-11-01,2023-11-30,30,41080,33344,23340,23340,23340,2334,25674,,18486,0
fSLC006-10021887-202311,fSLC006,AS45,대흥전력태양광,10021887,996.8,86633,82942,95.74,81.17,2.9,2.77,2023-11-01,2023-11-30,30,331768,269296,188507,188507,188500,18850,207350,,149295,0
fSLC006-10025341-202311,fSLC006,B405,그린푸드텍태양광발전소,10025341,271.68,22905,22136,96.64,81.17,2.81,2.72,2023-11-01,2023-11-30,30,88544,71871,50309,50309,50300,5030,55330,,39844,0
fSLC006-10000863-202311,fSLC006,5414,대광태양광c,10000863,1996.4,186134,178847,96.09,81.17,3.11,2.99,2023-11-01,2023-11-30,30,715388,580680,522612,522612,522610,52261,574871,,0,0
fSLC006-10022676-202311,fSLC006,AZ40,이에스지 태양광발전소,10022676,180,15558,14876,95.62,81.17,2.88,2.75,2023-11-01,2023-11-30,30,59504,48299,33809,33809,33800,3380,37180,,26776,0
fSLC006-10020964-202311,fSLC006,AY15,대원총업 태양광,10020964,394.485,34266,33047,96.44,81.17,2.9,2.79,2023-11-01,2023-11-30,30,132188,107296,75107,75107,75100,7510,82610,,59484,0
fSLC006-10025340-202311,fSLC006,AW24,반도크레인태양광발전소,10025340,99.36,7769,7341,94.49,81.17,2.61,2.46,2023-11-01,2023-11-30,30,29364,23834,16683,16683,16680,1668,18348,,13213,0
fSLC006-10025297-202311,fSLC006,9433,관마진도태양광,10025297,800,67800,64760,95.52,81.17,2.82,2.7,2023-11-01,2023-11-30,30,259040,210262,168209,168209,168200,16820,185020,,129520,0
fSLC006-10016064-202311,fSLC006,7713,세창1호태양광,10016064,492.75,37709,32684,86.67,81.17,2.55,2.21,2023-11-01,2023-11-30,30,130736,106118,84894,84894,84890,8489,93379,,65368,0
fSLC006-10021045-202311,fSLC006,7607,점리태양광발전소일호,10021045,998.64,80696,76658,95,81.17,2.69,2.56,2023-11-01,2023-11-30,30,306632,248893,174225,174225,174220,17422,191642,,137984,0
fSLC006-10022577-202311,fSLC006,5686,(유)네모8태양광,10022577,1517.08,102696,92518,90.09,81.17,2.26,2.03,2023-11-01,2023-11-30,30,370072,300387,210270,210270,210270,21027,231297,,166532,0
fSLC006-10022660-202311,fSLC006,B843,영인이엔지 태양광,10022660,245.76,18601,17585,94.54,81.17,2.52,2.39,2023-11-01,2023-11-30,30,70340,57094,39965,39965,39960,3996,43956,,31653,0
fSLC006-10009906-202311,fSLC006,4673,의정부행복태양광,10009906,2241,187498,179504,95.74,81.17,2.79,2.67,2023-11-01,2023-11-30,30,718016,582813,524531,524531,524530,52453,576983,,0,0
fSLC006-10020963-202311,fSLC006,B407,준테크태양광발전소,10020963,199.2,14580,13805,94.68,81.17,2.44,2.31,2023-11-01,2023-11-30,30,55220,44822,31375,31375,31370,3137,34507,,24849,0
fSLC006-10025844-202311,fSLC006,B924,동양태양광발전소,10025844,134.4,12649,12227,96.66,81.17,3.14,3.03,2023-11-01,2023-11-30,30,48908,39698,27788,27788,27780,2778,30558,,22008,0
fSLC006-10025285-202311,fSLC006,AZ37,민현태양광발전소,10025285,384,31359,30071,95.89,81.17,2.72,2.61,2023-11-01,2023-11-30,30,120284,97634,68343,68343,68340,6834,75174,,54127,0
fSLC006-10025299-202311,fSLC006,9441,엔에스피영암태양광,10025299,468,38493,36623,95.14,81.17,2.74,2.61,2023-11-01,2023-11-30,30,146492,118907,95125,95125,95120,9512,104632,,73246,0
fSLC006-10021886-202311,fSLC006,AS43,미래전력태양광,10021886,996.8,86243,82687,95.88,81.17,2.88,2.77,2023-11-01,2023-11-30,30,330748,268468,187927,187927,187920,18792,206712,,148836,0
fSLC006-10025286-202311,fSLC006,AY53,대성전기통신태양광발전소,10025286,291.2,23266,22271,95.72,81.17,2.66,2.55,2023-11-01,2023-11-30,30,89084,72309,50616,50616,50610,5061,55671,,40087,0
fSLC006-10021885-202311,fSLC006,AS44,한빛전력태양광,10021885,996.8,84555,81114,95.93,81.17,2.83,2.71,2023-11-01,2023-11-30,30,324456,263360,184352,184352,184350,18435,202785,,146005,0
fSLC006-10027933-202311,fSLC006,AY34,신흥팩 태양광,10027933,197.47,16632,15769,94.81,81.17,2.81,2.66,2023-11-01,2023-11-30,30,63076,51198,35838,35838,35830,3583,39413,,28384,0
fSLC006-10020958-202311,fSLC006,AY16,대신정공 태양광,10020958,170.625,13269,12613,95.06,81.17,2.59,2.46,2023-11-01,2023-11-30,30,50452,40951,28665,28665,28660,2866,31526,,22703,0
fSLC010-10033931-202311,fSLC010,6790,아성7호태양광발전소,10033931,99.11,5415,5259,97.12,74.31,3.04,2.95,2023-11-01,2023-11-30,18,21036,15631,14067,14067,14060,1406,15466,,0,0
fSLC010-10036660-202311,fSLC010,BE02,HPM 태양광 발전소,10036660,495.72,41287,39346,95.3,74.31,2.78,2.65,2023-11-01,2023-11-30,30,157384,116952,81866,81866,81860,8186,90046,,70822,0
fSLC010-10007153-202311,fSLC010,4588,군산오식도배수지태양광,10007153,840,69381,66172,95.37,74.31,2.75,2.63,2023-11-01,2023-11-30,30,264688,196689,0,150872,150870,15087,165957,,150872,0
fSLC010-10033929-202311,fSLC010,6771,아성5호태양광발전소,10033929,99.11,4746,4413,92.98,74.31,2.66,2.47,2023-11-01,2023-11-30,18,17652,13117,11805,11805,11800,1180,12980,,0,0
fSLC010-10007154-202311,fSLC010,4376,지셀태양광4호,10007154,912.66,61942,58539,94.51,74.31,2.26,2.14,2023-11-01,2023-11-30,30,234156,174001,0,133468,133460,13346,146806,,133468,0
fSLC010-10007151-202311,fSLC010,4589,군산공공하수처리장태양광,10007151,2798.4,138853,128583,92.6,74.31,2.07,1.91,2023-11-01,2023-11-30,24,514332,382200,0,293169,293160,29316,322476,,293169,0
fSLC010-10033926-202311,fSLC010,6770,아성2호태양광발전소,10033926,99.11,3599,3322,92.3,74.31,2.02,1.86,2023-11-01,2023-11-30,18,13288,9874,8886,8886,8880,888,9768,,0,0
fSLC010-10037267-202311,fSLC010,BF58,고전솔라에너지 태양광,10037267,996.26,93348,89237,95.6,74.31,3.12,2.99,2023-11-01,2023-11-30,30,356948,265248,212198,212198,212190,21219,233409,,142779,0
fSLC010-10036836-202311,fSLC010,AZ39,삼일이엔지 태양광,10036836,161.28,11446,10731,93.75,74.31,2.37,2.22,2023-11-01,2023-11-30,30,42924,31896,22327,22327,22320,2232,24552,,19315,0
fSLC010-10036873-202311,fSLC010,ABH7,협신철망 태양광발전소,10036873,99.9,8123,7710,94.92,74.31,2.71,2.57,2023-11-01,2023-11-30,30,30840,22917,16041,16041,16040,1604,17644,,13878,0
fSLC010-10036663-202311,fSLC010,BB76,신영열처리 태양광발전소,10036663,132.3,12259,11814,96.37,74.31,3.09,2.98,2023-11-01,2023-11-30,30,47256,35115,24580,24580,24580,2458,27038,,21265,0
fSLC010-10030327-202311,fSLC010,AW83,(주)아르케전기기술단,10030327,2408.57,205107,196705,95.9,74.31,2.84,2.72,2023-11-01,2023-11-30,30,786820,584685,438513,438513,438510,43851,482361,,354069,0
fSLC010-10033925-202311,fSLC010,6769,아성1호태양광발전소,10033925,99.11,4822,4430,91.87,74.31,2.7,2.48,2023-11-01,2023-11-30,18,17720,13167,11850,11850,11850,1185,13035,,0,0
fSLC010-10041972-202311,fSLC010,5205,에너제이태양광,10041972,2996.46,201050,188640,93.83,74.31,2.24,2.1,2023-11-01,2023-11-30,30,754560,560713,0,430099,430090,43009,473099,,430099,0
fSLC010-10033934-202311,fSLC010,6792,아성10호태양광발전소,10033934,99.11,5149,4816,93.53,74.31,2.89,2.7,2023-11-01,2023-11-30,18,19264,14315,12883,12883,12880,1288,14168,,0,0
fSLC010-10036662-202311,fSLC010,BA81,디엠에스 태양광발전소,10036662,214.11,22718,21961,96.67,74.31,3.54,3.42,2023-11-01,2023-11-30,30,87844,65276,45693,45693,45690,4569,50259,,39529,0
fSLC010-10005919-202311,fSLC010,A901,삼일 태양광,10005919,95.04,8628,7729,89.58,74.31,3.03,2.71,2023-11-01,2023-11-30,30,30916,22973,18378,18378,18370,1837,20207,,12366,0
fSLC010-10037689-202311,fSLC010,BB65,우드뱅크우영태양광,10037689,1379.84,110956,106260,95.77,74.31,2.68,2.57,2023-11-01,2023-11-30,30,425040,315847,236885,236885,236880,23688,260568,,191268,0
fSLC010-10042528-202311,fSLC010,B132,삼동호3호 태양광발전기,10042528,99.64,8642,8326,96.34,74.31,2.89,2.79,2023-11-01,2023-11-30,30,33304,24748,18561,18561,18560,1856,20416,,14986,0
fSLC010-10037994-202311,fSLC010,5954,금강2호태양광,10037994,997.92,97858,89898,91.87,74.31,3.27,3,2023-11-01,2023-11-30,30,359592,267212,200409,200409,200400,20040,220440,,161816,0
fSLC010-10036978-202311,fSLC010,ABAA,더블유에스코리아 태양광발전소,10036978,136.8,14054,13598,96.76,74.31,3.42,3.31,2023-11-01,2023-11-30,30,54392,40418,28292,28292,28290,2829,31119,,24476,0
fSLC010-10030730-202311,fSLC010,AK69,남성태양광발전소,10030730,493.92,40842,38786,94.97,74.31,2.76,2.62,2023-11-01,2023-11-30,30,155144,115287,86465,86465,86460,8646,95106,,69814,0
fSLC010-10007152-202311,fSLC010,4587,군산나우배수지태양광,10007152,590.4,48817,46414,95.08,74.31,2.76,2.62,2023-11-01,2023-11-30,30,185656,137960,0,105823,105820,10582,116402,,105823,0
fSLC010-10041769-202311,fSLC010,BE93,대불에너지 1호 태양광,10041769,985.6,78560,74873,95.31,74.31,2.66,2.53,2023-11-01,2023-11-30,30,299492,222552,178041,178041,178040,17804,195844,,0,0
fSLC010-10033942-202311,fSLC010,6795,아성17호태양광발전소,10033942,99.11,4916,4561,92.78,74.31,2.76,2.56,2023-11-01,2023-11-30,18,18244,13557,12201,12201,12200,1220,13420,,0,0
fSLC010-10007155-202311,fSLC010,4377,원당중공업태양광,10007155,1850,132151,124184,93.97,74.31,2.38,2.24,2023-11-01,2023-11-30,30,496736,369124,0,283139,283130,28313,311443,,283139,0
fSLC010-10037993-202311,fSLC010,6371,금강1호태양광,10037993,1833.93,202867,194661,95.95,74.31,3.69,3.54,2023-11-01,2023-11-30,30,778644,578610,433957,433957,433950,43395,477345,,350389,0
fSLC010-10014904-202311,fSLC010,5419,해모아태양광,10014904,2114.91,167618,157174,93.77,74.31,2.64,2.48,2023-11-01,2023-11-30,30,628696,467183,467183,467183,467180,46718,513898,,0,0
fSLC010-10042527-202311,fSLC010,BF62,비에스솔라에너지 태양광,10042527,996.26,94573,90323,95.51,74.31,3.16,3.02,2023-11-01,2023-11-30,30,361292,268476,214780,214780,214780,21478,236258,,144516,0
fSLC010-10041969-202311,fSLC010,4883,종군교태양광,10041969,2530.8,193913,184846,95.32,74.31,2.55,2.43,2023-11-01,2023-11-30,30,739384,549436,0,421448,421440,42144,463584,,421448,0
fSLC010-10033933-202311,fSLC010,6773,아성9호태양광발전소,10033933,99.11,4514,4116,91.18,74.31,2.53,2.31,2023-11-01,2023-11-30,18,16464,12234,11010,11010,11010,1101,12111,,0,0
fSLC010-10033938-202311,fSLC010,6793,아성14호태양광발전소,10033938,99.11,5313,5051,95.07,74.31,2.98,2.83,2023-11-01,2023-11-30,18,20204,15013,13511,13511,13510,1351,14861,,0,0
fSLC010-10033932-202311,fSLC010,6791,아성8호태양광발전소,10033932,99.11,4449,3892,87.48,74.31,2.49,2.18,2023-11-01,2023-11-30,18,15568,11568,10411,10411,10410,1041,11451,,0,0
fSLC010-10036980-202311,fSLC010,BB75,엠엔비 태양광발전소,10036980,181.44,19157,18540,96.78,74.31,3.52,3.41,2023-11-01,2023-11-30,30,74160,55108,38575,38575,38570,3857,42427,,33372,0
fSLC010-10033939-202311,fSLC010,6784,아성15호태양광발전소,10033939,99.11,5227,4977,95.22,74.31,2.93,2.79,2023-11-01,2023-11-30,18,19908,14793,13313,13313,13310,1331,14641,,0,0
fSLC010-10036964-202311,fSLC010,BA82,에이치아이기계 태양광발전소,10036964,99.9,10490,10271,97.91,74.31,3.5,3.43,2023-11-01,2023-11-30,30,41084,30529,21370,21370,21370,2137,23507,,18487,0
fSLC010-10041971-202311,fSLC010,5204,605수송대대태양광,10041971,1518.29,103242,98340,95.25,74.31,2.27,2.16,2023-11-01,2023-11-30,30,393360,292305,0,224215,224210,22421,246631,,224215,0
fSLC010-10033930-202311,fSLC010,6772,아성6호태양광발전소,10033930,99.11,5300,4996,94.26,74.31,2.97,2.8,2023-11-01,2023-11-30,18,19984,14850,13365,13365,13360,1336,14696,,0,0
fSLC010-10034285-202311,fSLC010,A862,군위태양광_PV,10034285,440.64,36771,33639,91.48,74.31,2.78,2.54,2023-11-01,2023-11-30,30,134556,99988,79990,79990,79990,7999,87989,,0,0
fSLC010-10041970-202311,fSLC010,4882,3군사태양광,10041970,1413.98,92125,85766,93.1,74.31,2.17,2.02,2023-11-01,2023-11-30,30,343064,254930,0,195546,195540,19554,215094,,195546,0
fSLC010-10036879-202311,fSLC010,B936,성일피엔지 태양광발전소,10036879,124.8,9436,8868,93.98,74.31,2.52,2.37,2023-11-01,2023-11-30,30,35472,26359,18451,18451,18450,1845,20295,,15962,0
fSLC010-10033927-202311,fSLC010,6787,아성3호태양광발전소,10033927,99.11,4324,3823,88.41,74.31,2.42,2.14,2023-11-01,2023-11-30,18,15292,11363,10226,10226,10220,1022,11242,,0,0
fSLC010-10041246-202311,fSLC010,BE94,대불에너지 2호 태양광,10041246,498.96,42612,40933,96.06,74.31,2.85,2.73,2023-11-01,2023-11-30,30,163732,121669,97335,97335,97330,9733,107063,,0,0
fSLC010-10033940-202311,fSLC010,6794,아성16호태양광발전소,10033940,99.11,4771,4343,91.03,74.31,2.67,2.43,2023-11-01,2023-11-30,18,17372,12909,11618,11618,11610,1161,12771,,0,0
fSLC010-10036976-202311,fSLC010,ABFI,알라이트주식회사태양광발전소,10036976,148.5,12532,12002,95.77,74.31,2.81,2.69,2023-11-01,2023-11-30,30,48008,35674,24971,24971,24970,2497,27467,,21603,0
fSLC010-10033928-202311,fSLC010,6789,아성4호태양광발전소,10033928,99.11,3277,2998,91.49,74.31,1.84,1.68,2023-11-01,2023-11-30,18,11992,8911,8019,8019,8010,801,8811,,0,0
fSLC010-10033936-202311,fSLC010,6774,아성12호태양광발전소,10033936,99.11,3508,3119,88.91,74.31,1.97,1.75,2023-11-01,2023-11-30,18,12476,9270,8343,8343,8340,834,9174,,0,0
fSLC010-10007156-202311,fSLC010,4378,유진산업태양광,10007156,1490,75979,66740,87.84,74.31,1.7,1.49,2023-11-01,2023-11-30,30,266960,198377,0,152167,152160,15216,167376,,152167,0
fSLC010-10033935-202311,fSLC010,6786,아성11호태양광발전소,10033935,99.11,3321,3076,92.62,74.31,1.86,1.72,2023-11-01,2023-11-30,18,12304,9143,8228,8228,8220,822,9042,,0,0
fSLC010-10033937-202311,fSLC010,6785,아성13호태양광발전소,10033937,99.11,4913,4539,92.39,74.31,2.75,2.54,2023-11-01,2023-11-30,18,18156,13491,12141,12141,12140,1214,13354,,0,0
fSLC007-10031995-202311,fSLC007,1798,그린테크노,10031995,1500,107824,102024,94.62,70.29,2.4,2.27,2023-11-01,2023-11-30,30,408096,286850,258165,258165,258160,25816,283976,,0,0
fSLC007-10033287-202311,fSLC007,6730,탑솔라1호,10033287,900.21,59318,53857,90.79,70.29,2.2,1.99,2023-11-01,2023-11-30,30,215428,151424,136281,136281,136280,13628,149908,,0,0
fSLC007-10033010-202311,fSLC007,4971,에너지팜(겨레에너지),10033010,1975,179932,167326,92.99,70.29,3.04,2.82,2023-11-01,2023-11-30,30,669304,470453,423407,423407,423400,42340,465740,,0,0
fSLC007-10032068-202311,fSLC007,5455,주덕태양광,10032068,993.28,61517,57894,94.11,70.29,2.06,1.94,2023-11-01,2023-11-30,30,231576,162774,146496,146496,146490,14649,161139,,0,0
fSLC007-10031872-202311,fSLC007,A864,방장,10031872,997.92,73272,67127,91.61,70.29,2.45,2.24,2023-11-01,2023-11-30,30,268508,188734,169860,169860,169860,16986,186846,,0,0
fSLC007-10031879-202311,fSLC007,AD36,고은에너지,10031879,996.84,77586,68723,88.58,70.29,2.59,2.3,2023-11-01,2023-11-30,30,274892,193221,173898,173898,173890,17389,191279,,0,0
fSLC007-10032001-202311,fSLC007,4476,포에이스,10032001,2000,166298,161573,97.16,70.29,2.77,2.69,2023-11-01,2023-11-30,30,646292,454278,408850,408850,408850,40885,449735,,0,0
fSLC007-10033286-202311,fSLC007,9701,포에이스(에스엘),10033286,468,38382,37043,96.51,70.29,2.73,2.64,2023-11-01,2023-11-30,30,148172,104150,93735,93735,93730,9373,103103,,0,0
fSLC007-10033291-202311,fSLC007,4793,제이에스,10033291,2994,219941,191530,87.08,70.29,2.45,2.13,2023-11-01,2023-11-30,30,766120,538505,484654,484654,484650,48465,533115,,0,0
fSLC007-10031890-202311,fSLC007,AD31,한빛에너지,10031890,998.64,81582,72633,89.03,70.29,2.72,2.42,2023-11-01,2023-11-30,30,290532,204214,183792,183792,183790,18379,202169,,0,0
fSLC007-10031861-202311,fSLC007,7778,보담에너지,10031861,998,74161,69379,93.55,70.29,2.48,2.32,2023-11-01,2023-11-30,30,277516,195065,175558,175558,175550,17555,193105,,0,0
fSLC007-10032027-202311,fSLC007,1605,에너지팜,10032027,999,78642,72592,92.31,70.29,2.62,2.42,2023-11-01,2023-11-30,30,290368,204099,183689,183689,183680,18368,202048,,0,0
fSLC007-10033289-202311,fSLC007,A548,디원3호(대화태양광),10033289,1495.88,93390,86326,92.44,70.29,2.08,1.92,2023-11-01,2023-11-30,30,345304,242714,218442,218442,218440,21844,240284,,0,0
fSLC007-10031855-202311,fSLC007,6549,남도에너지,10031855,997.92,62230,56507,90.8,70.29,2.08,1.89,2023-11-01,2023-11-30,30,226028,158875,142987,142987,142980,14298,157278,,0,0
fSLC007-10031887-202311,fSLC007,AD42,토리에너지,10031887,996.84,76165,67708,88.9,70.29,2.55,2.26,2023-11-01,2023-11-30,30,270832,190367,171330,171330,171330,17133,188463,,0,0
fSLC007-10031835-202311,fSLC007,A601,곡성 라이프에너지2호,10031835,957.76,62632,54693,87.32,70.29,2.18,1.9,2023-11-01,2023-11-30,30,218772,153774,138396,138396,138390,13839,152229,,0,0
fSLC007-10034535-202311,fSLC007,4527,드림팜,10034535,398,33028,29652,89.78,70.29,2.77,2.48,2023-11-01,2023-11-30,30,118608,83369,75032,75032,75030,7503,82533,,0,0
fSLC007-10032000-202311,fSLC007,4500,복평태양광,10032000,1700,129162,123394,95.53,70.29,2.53,2.42,2023-11-01,2023-11-30,30,493576,346934,312240,312240,312240,31224,343464,,0,0
fSLC007-10032028-202311,fSLC007,1860,에너지랜드,10032028,999,76548,70879,92.59,70.29,2.55,2.36,2023-11-01,2023-11-30,30,283516,199283,179354,179354,179350,17935,197285,,0,0
fSLC007-10031851-202311,fSLC007,4797,(유)진도그린(대찬솔라),10031851,2002,139205,127674,91.72,70.29,2.32,2.13,2023-11-01,2023-11-30,30,510696,358968,323071,323071,323070,32307,355377,,0,0
fSLC007-10032034-202311,fSLC007,4648,빛고을신재생 2호,10032034,1299,97833,92546,94.6,70.29,2.51,2.37,2023-11-01,2023-11-30,30,370184,260202,234181,234181,234180,23418,257598,,0,0
fSLC007-10033285-202311,fSLC007,1917,퓨처썬(고성),10033285,990,99094,96348,97.23,70.29,3.34,3.24,2023-11-01,2023-11-30,30,385392,270892,243802,243802,243800,24380,268180,,0,0
fSLC007-10031840-202311,fSLC007,1805,진도그린에너지,10031840,1704,128036,120086,93.79,70.29,2.5,2.35,2023-11-01,2023-11-30,30,480344,337633,303869,303869,303860,30386,334246,,0,0
fSLC007-10032069-202311,fSLC007,5641,온새미로,10032069,2449.44,167913,156105,92.97,70.29,2.29,2.12,2023-11-01,2023-11-30,30,624420,438904,395013,395013,395010,39501,434511,,0,0
fSLC007-10031878-202311,fSLC007,AD37,어진에너지,10031878,996.84,77068,68172,88.46,70.29,2.58,2.28,2023-11-01,2023-11-30,30,272688,191672,172504,172504,172500,17250,189750,,0,0
fSLC007-10031859-202311,fSLC007,6472,광민솔라,10031859,994.5,78299,72203,92.21,70.29,2.62,2.42,2023-11-01,2023-11-30,30,288812,203005,182704,182704,182700,18270,200970,,0,0
fSLC007-10032988-202311,fSLC007,9673,신북태양광,10032988,392,31505,30418,96.55,70.29,2.68,2.59,2023-11-01,2023-11-30,30,121672,85523,76970,76970,76970,7697,84667,,0,0
fSLC007-10031889-202311,fSLC007,AD30,아리랑에너지,10031889,998.64,78310,69036,88.16,70.29,2.61,2.3,2023-11-01,2023-11-30,30,276144,194101,174690,174690,174690,17469,192159,,0,0
fSLC007-10031885-202311,fSLC007,AD39,은가비에너지,10031885,996.84,80255,71611,89.23,70.29,2.68,2.39,2023-11-01,2023-11-30,30,286444,201341,181206,181206,181200,18120,199320,,0,0
fSLC007-10034537-202311,fSLC007,1822,화이트에너지,10034537,500,39646,37792,95.32,70.29,2.64,2.52,2023-11-01,2023-11-30,30,151168,106255,95629,95629,95620,9562,105182,,0,0
fSLC007-10031882-202311,fSLC007,AD33,다정에너지,10031882,996.84,79472,70068,88.17,70.29,2.66,2.34,2023-11-01,2023-11-30,30,280272,197003,177302,177302,177300,17730,195030,,0,0
fSLC007-10034536-202311,fSLC007,7795,디원2호,10034536,97.5,6422,4934,76.83,70.29,2.2,1.69,2023-11-01,2023-11-30,30,19736,13872,12484,12484,12480,1248,13728,,0,0
fSLC007-10033023-202311,fSLC007,A865,노령,10033023,997.92,67377,60851,90.31,70.29,2.25,2.03,2023-11-01,2023-11-30,30,243404,171088,153979,153979,153970,15397,169367,,0,0
fSLC007-10032033-202311,fSLC007,4647,빛고을신재생 1호,10032033,5524,429014,403368,94.02,70.29,2.59,2.43,2023-11-01,2023-11-30,30,1613472,1134109,1020698,1020698,1020690,102069,1122759,,0,0
fSLC007-10031888-202311,fSLC007,AD41,나무에너지,10031888,998.64,81275,72714,89.47,70.29,2.71,2.43,2023-11-01,2023-11-30,30,290856,204442,183997,183997,183990,18399,202389,,0,0
fSLC007-10031852-202311,fSLC007,4506,클린에너지,10031852,2900,179539,149196,83.1,70.29,2.06,1.71,2023-11-01,2023-11-30,30,596784,419479,377531,377531,377530,37753,415283,,0,0
fSLC007-10031883-202311,fSLC007,AD32,산다라에너지,10031883,996.84,78218,70070,89.58,70.29,2.62,2.34,2023-11-01,2023-11-30,30,280280,197008,177307,177307,177300,17730,195030,,0,0
fSLC007-10033288-202311,fSLC007,6929,탑솔라2호,10033288,242.72,17487,16337,93.42,70.29,2.4,2.24,2023-11-01,2023-11-30,30,65348,45933,41339,41339,41330,4133,45463,,0,0
fSLC007-10031881-202311,fSLC007,AD34,노들에너지,10031881,996.84,77178,68932,89.32,70.29,2.58,2.31,2023-11-01,2023-11-30,30,275728,193809,174428,174428,174420,17442,191862,,0,0
fSLC007-10031884-202311,fSLC007,AD38,꽃잠에너지,10031884,996.84,78875,70399,89.25,70.29,2.64,2.35,2023-11-01,2023-11-30,30,281596,197933,178139,178139,178130,17813,195943,,0,0
fSLC007-10033024-202311,fSLC007,4922,그린솔라,10033024,2098,187889,180697,96.17,70.29,2.99,2.87,2023-11-01,2023-11-30,30,722788,508047,457242,457242,457240,45724,502964,,0,0
fSLC007-10033290-202311,fSLC007,4792,광전사,10033290,2994,214469,182950,85.3,70.29,2.39,2.04,2023-11-01,2023-11-30,30,731800,514382,462943,462943,462940,46294,509234,,0,0
fSLC007-10031886-202311,fSLC007,AD40,지니에너지,10031886,996.84,78140,69772,89.29,70.29,2.61,2.33,2023-11-01,2023-11-30,30,279088,196170,176553,176553,176550,17655,194205,,0,0
fSLC007-10031880-202311,fSLC007,AD35,나비잠에너지,10031880,996.84,77664,67803,87.3,70.29,2.6,2.27,2023-11-01,2023-11-30,30,271212,190634,171570,171570,171570,17157,188727,,0,0
fSLC007-10032008-202311,fSLC007,1718,무안그린,10032008,1694,154614,146165,94.54,70.29,3.04,2.88,2023-11-01,2023-11-30,30,584660,410957,369861,369861,369860,36986,406846,,0,0
fSLC007-10033292-202311,fSLC007,1648,장성북이1호,10033292,600,44769,42644,95.25,70.29,2.49,2.37,2023-11-01,2023-11-30,30,170576,119897,107907,107907,107900,10790,118690,,0,0
fSLC007-10033012-202311,fSLC007,4732,삼당에코,10033012,998,77465,70461,90.96,70.29,2.59,2.35,2023-11-01,2023-11-30,30,281844,198108,178297,178297,178290,17829,196119,,0,0
fSLC011-10033082-202311,fSLC011,5266,주혁3호,10033082,401.76,31352,28096,89.61,68.52,2.6,2.33,2023-11-01,2023-11-30,30,112384,77005,69304,69304,69300,6930,76230,,0,0
fSLC011-10031998-202311,fSLC011,1940,주혁태양광,10031998,300,22825,21704,95.09,68.52,2.54,2.41,2023-11-01,2023-11-30,30,86816,59486,53537,53537,53530,5353,58883,,0,0
fSLC011-10033201-202311,fSLC011,5577,(주)해남그린에너지,10033201,9498.24,846713,779479,92.06,68.52,2.97,2.74,2023-11-01,2023-11-30,30,3117916,2136396,1922756,1922756,1922750,192275,2115025,,0,0
fSLC011-10031908-202311,fSLC011,AH92,(유)솔라테크,10031908,996.84,80534,76408,94.88,68.52,2.69,2.56,2023-11-01,2023-11-30,30,305632,209419,188477,188477,188470,18847,207317,,0,0
fSLC011-10032037-202311,fSLC011,5461,인천햇빛9호,10032037,1434.24,97517,90748,93.06,68.52,2.27,2.11,2023-11-01,2023-11-30,30,362992,248722,223849,223849,223840,22384,246224,,0,0
fSLC011-10042942-202311,fSLC011,2689,에너지농장,10042942,700.8,41065,37501,91.32,68.52,1.95,1.78,2023-11-01,2023-11-30,30,150004,102782,92503,92503,92500,9250,101750,,0,0
fSLC011-10031858-202311,fSLC011,6473,(주)디원 남도솔라,10031858,495.36,40735,37012,90.86,68.52,2.74,2.49,2023-11-01,2023-11-30,30,148048,101442,91297,91297,91290,9129,100419,,0,0
fSLC011-10035381-202311,fSLC011,7761,(유)내담에너지,10035381,397.85,33084,29535,89.27,68.52,2.77,2.47,2023-11-01,2023-11-30,30,118140,80949,72854,72854,72850,7285,80135,,0,0
fSLC011-10035201-202311,fSLC011,1840,대흥태양광,10035201,600,35539,32644,91.85,68.52,1.97,1.81,2023-11-01,2023-11-30,30,130576,89470,80523,80523,80520,8052,88572,,0,0
fSLC011-10033865-202311,fSLC011,1599,에너지파크,10033865,2000.16,201163,193492,96.19,68.52,3.35,3.22,2023-11-01,2023-11-30,30,773968,530322,477289,477289,477280,47728,525008,,0,0
fSLC011-10032029-202311,fSLC011,2238,청용태양광,10032029,360,28516,27389,96.05,68.52,2.64,2.54,2023-11-01,2023-11-30,30,109556,75067,67560,67560,67560,6756,74316,,0,0
fSLC011-10032047-202311,fSLC011,5610,가온길에너지,10032047,2819.7,186122,169022,90.81,68.52,2.2,2,2023-11-01,2023-11-30,30,676088,463255,416929,416929,416920,41692,458612,,0,0
fSLC011-10032013-202311,fSLC011,1806,의신솔라,10032013,1195.56,105833,101474,95.88,68.52,2.95,2.83,2023-11-01,2023-11-30,30,405896,278119,250307,250307,250300,25030,275330,,0,0
fSLC011-10032995-202311,fSLC011,8979,신안해아름,10032995,995.86,83594,80018,95.72,68.52,2.8,2.68,2023-11-01,2023-11-30,30,320072,219313,197381,197381,197380,19738,217118,,0,0
fSLC011-10032014-202311,fSLC011,4392,부안그린,10032014,496.08,36291,34227,94.31,68.52,2.44,2.3,2023-11-01,2023-11-30,30,136908,93809,84428,84428,84420,8442,92862,,0,0
fSLC011-10032012-202311,fSLC011,1807,(유)진도솔라,10032012,1200,96966,90899,93.74,68.52,2.69,2.52,2023-11-01,2023-11-30,30,363596,249135,224221,224221,224220,22422,246642,,0,0
fSLC011-10032030-202311,fSLC011,2239,청석태양광,10032030,360,29550,28631,96.89,68.52,2.74,2.65,2023-11-01,2023-11-30,30,114524,78471,70623,70623,70620,7062,77682,,0,0
fSLC011-10035029-202311,fSLC011,AC37,아나톨2호,10035029,496.4,37511,32127,85.65,68.52,2.52,2.16,2023-11-01,2023-11-30,30,128508,88053,79247,79247,79240,7924,87164,,0,0
fSLC011-10033035-202311,fSLC011,AC36,아나톨1호,10033035,496.8,36523,31862,87.24,68.52,2.45,2.14,2023-11-01,2023-11-30,30,127448,87327,78594,78594,78590,7859,86449,,0,0
fSLC011-10031999-202311,fSLC011,4582,에코제주,10031999,1623.96,140016,134068,95.75,68.52,2.87,2.75,2023-11-01,2023-11-30,30,536272,367453,330707,330707,330700,33070,363770,,0,0
fSLC011-10031891-202311,fSLC011,AG85,유당솔라(주),10031891,7988.76,590437,517275,87.61,68.52,2.46,2.16,2023-11-01,2023-11-30,30,2069100,1417747,1275972,1275972,1275970,127597,1403567,,0,0
fSLC011-10033033-202311,fSLC011,1729,(주)금산태양광,10033033,9000,657698,618379,94.02,68.52,2.44,2.29,2023-11-01,2023-11-30,30,2473516,1694853,1525367,1525367,1525360,152536,1677896,,0,0
fSLC011-10032019-202311,fSLC011,1808,참솔라태양광,10032019,500,37736,34530,91.5,68.52,2.52,2.3,2023-11-01,2023-11-30,30,138120,94639,85175,85175,85170,8517,93687,,0,0
fSLC011-10031907-202311,fSLC011,AH94,(유)학장3호,10031907,996.84,77102,72868,94.51,68.52,2.58,2.44,2023-11-01,2023-11-30,30,291472,199716,179744,179744,179740,17974,197714,,0,0
fSLC011-10031909-202311,fSLC011,AH93,미래로발전,10031909,996.84,78841,74655,94.69,68.52,2.64,2.5,2023-11-01,2023-11-30,30,298620,204614,184152,184152,184150,18415,202565,,0,0
fSLC011-10031853-202311,fSLC011,4798,기은에코,10031853,1300.8,100367,93234,92.89,68.52,2.57,2.39,2023-11-01,2023-11-30,30,372936,255535,229981,229981,229980,22998,252978,,0,0
fSLC011-10033022-202311,fSLC011,1728,(주)대척태양광,10033022,7500,553362,515922,93.23,68.52,2.46,2.29,2023-11-01,2023-11-30,30,2063688,1414039,1272635,1272635,1272630,127263,1399893,,0,0
fSLC011-10035062-202311,fSLC011,A817,삼원태양광,10035062,254.8,19531,16560,84.79,68.52,2.56,2.17,2023-11-01,2023-11-30,30,66240,45387,40848,40848,40840,4084,44924,,0,0
fSLC011-10035092-202311,fSLC011,6962,(유)샛별에너지,10035092,397.8,34195,30295,88.59,68.52,2.87,2.54,2023-11-01,2023-11-30,30,121180,83032,74728,74728,74720,7472,82192,,0,0