fSLC001	5268	천지에너지태양광	10007199	998.4	108104	104400	81.94	3.61	3.49	2023-11-01	2023-11-30	30	417600	342181	75	50	256635	208800	256636	256630	25663	282293
fSLC001	5505	정우태양광	10010665	992	80631	77480	81.94	2.71	2.6	2023-11-01	2023-11-30	30	309920	253948	75	50	190461	154960	190461	190460	19046	209506
fSLC001	5921	금산1호태양광발전기	10011261	99.75	8510	7478	81.94	2.84	2.5	2023-11-01	2023-11-30	30	29912	24509	75	50	18381	14956	18382	18380	1838	20218
fSLC001	6778	리라태양광	10001819	816.48	86028	83652	81.94	3.51	3.42	2023-11-01	2023-11-30	30	334608	274177	75	50	205632	167304	205633	205630	20563	226193
fSLC001	6903	주식회사 송촌에너지 태양광	10007294	958.77	60198	56543	81.94	2.09	1.97	2023-11-01	2023-11-30	30	226172	185325	75	50	138993	113086	138994	138990	13899	152889
fSLC001	7701	네모1태양광발전소	10000039	498.225	39571	33087	81.94	2.65	2.21	2023-11-01	2023-11-30	30	132348	108445	0	50	0	66174	66174	66170	6617	72787
fSLC001	7702	네모2태양광발전소	10000040	498.225	40580	34447	81.94	2.71	2.3	2023-11-01	2023-11-30	30	137788	112903	0	50	0	68894	68894	68890	6889	75779
fSLC001	7703	네모4태양광발전소	10000041	498.225	38940	33137	81.94	2.61	2.22	2023-11-01	2023-11-30	30	132548	108609	0	50	0	66274	66274	66270	6627	72897
fSLC001	7704	네모5태양광발전소	10000069	396.025	32112	27617	81.94	2.7	2.32	2023-11-01	2023-11-30	30	110468	90517	0	50	0	55234	55234	55230	5523	60753
fSLC001	7719	태민태양광발전소	10002063	99.84	9007	8298	81.94	3.01	2.77	2023-11-01	2023-11-30	30	33192	27197	75	50	20397	16596	20398	20390	2039	22429
fSLC001	7775	용곡2태양광발전기	10000045	996.78	68629	58685	81.94	2.3	1.96	2023-11-01	2023-11-30	30	234740	192345	0	50	0	117370	117370	117370	11737	129107
fSLC001	7792	용곡3태양광발전기	10000046	499.5	35092	29347	81.94	2.34	1.96	2023-11-01	2023-11-30	30	117388	96187	0	50	0	58694	58694	58690	5869	64559
fSLC001	7794	용곡4태양광발전소	10000047	499.5	35435	30051	81.94	2.36	2.01	2023-11-01	2023-11-30	30	120204	98495	0	50	0	60102	60102	60100	6010	66110
fSLC001	A293	복용쏠라 태양광	10003887	199	19871	18161	81.94	3.33	3.04	2023-11-01	2023-11-30	30	72644	59524	75	50	44643	36322	44643	44640	4464	49104
fSLC001	A294	화서 태양광	10004043	199	20114	18497	81.94	3.37	3.1	2023-11-01	2023-11-30	30	73988	60625	75	50	45468	36994	45469	45460	4546	50006
fSLC001	A362	빛사랑태양광	10007726	498.225	49622	47924	81.94	3.32	3.21	2023-11-01	2023-11-30	30	191696	157075	75	50	117806	95848	117806	117800	11780	129580
fSLC001	A364	천광태양광	10007727	498.225	51294	48981	81.94	3.43	3.28	2023-11-01	2023-11-30	30	195924	160540	75	50	120405	97962	120405	120400	12040	132440
fSLC001	A831	에이젯신재생태양광(영광)	10009499	96.8	7868	7470	81.94	2.71	2.57	2023-11-01	2023-11-30	30	29880	24483	75	50	18362	14940	18362	18360	1836	20196
fSLC001	A832	케이앤엘에너지 태양광	10003993	95.04	9837	9576	81.94	3.45	3.36	2023-11-01	2023-11-30	30	38304	31386	75	50	23539	19152	23540	23540	2354	25894
fSLC001	A833	파워신재생에너지 태양광	10005230	96.8	7738	7458	81.94	2.66	2.57	2023-11-01	2023-11-30	30	29832	24444	75	50	18333	14916	18333	18330	1833	20163
fSLC001	A835	경훈태양광	10004830	96.8	7966	7498	81.94	2.74	2.58	2023-11-01	2023-11-30	30	29992	24575	75	50	18431	14996	18431	18430	1843	20273
fSLC001	A869	에이젯신재생태양광(완도)	10005148	99	9527	9163	81.94	3.21	3.09	2023-11-01	2023-11-30	30	36652	30032	75	50	22524	18326	22524	22520	2252	24772
fSLC001	AB09	미카엘라협동조합	10000186	97.92	7294	6860	81.94	2.48	2.34	2023-11-01	2023-11-30	30	27440	22484	75	50	16863	13720	16863	16860	1686	18546
fSLC001	AB59	솔라에쿼티코리아005 태양광발전소	10000049	984.96	78900	74791	81.94	2.67	2.53	2023-11-01	2023-11-30	30	299164	245134	0	50	0	149582	149582	149580	14958	164538
fSLC001	AB60	영남 태양광발전소 4호기	10000050	984.96	71003	66345	81.94	2.4	2.25	2023-11-01	2023-11-30	30	265380	217452	0	50	0	132690	132690	132690	13269	145959
fSLC001	AB81	한빛일렉트릭태양광	10004133	998.955	72285	69199	81.94	2.41	2.31	2023-11-01	2023-11-30	30	276796	226806	75	50	170104	138398	170105	170100	17010	187110
fSLC001	AC43	성수1호태양광발전소	10001229	491.775	31783	29320	81.94	2.15	1.99	2023-11-01	2023-11-30	30	117280	96099	0	50	0	58640	58640	58640	5864	64504
fSLC001	AC66	자등태양광발전소	10001005	999	72363	67758	81.94	2.41	2.26	2023-11-01	2023-11-30	30	271032	222083	75	50	166562	135516	166562	166560	16656	183216
fSLC001	AD44	마거솔라	10015231	995.4	69872	65250	81.94	2.34	2.19	2023-11-01	2023-11-30	30	261000	213863	0	50	0	130500	130500	130500	13050	143550
fSLC001	AE79	화인9호 태양광발전소	10007295	97.68	8593	7952	81.94	2.93	2.71	2023-11-01	2023-11-30	30	31808	26063	75	50	19547	15904	19547	19540	1954	21494
fSLC001	AF70	전곡한빛1호태양광발전소	10001133	996	68146	63047	81.94	2.28	2.11	2023-11-01	2023-11-30	30	252188	206642	75	50	154981	126094	154982	154980	15498	170478
fSLC001	AG76	(유)경남1호 태양광발전소	10007252	997.92	83959	79918	81.94	2.8	2.67	2023-11-01	2023-11-30	30	319672	261939	0	50	0	159836	159836	159830	15983	175813
fSLC001	AG89	감당1태양광	10014385	931.41	98403	95904	81.94	3.52	3.43	2023-11-01	2023-11-30	30	383616	314334	0	50	0	191808	191808	191800	19180	210980
fSLC001	AH08	감당2호태양광	10014383	995.4	98659	95189	81.94	3.3	3.19	2023-11-01	2023-11-30	30	380756	311991	0	50	0	190378	190378	190370	19037	209407
fSLC001	AH09	감당3호태양광	10014384	995.4	105035	102415	81.94	3.52	3.43	2023-11-01	2023-11-30	30	409660	335675	0	50	0	204830	204830	204830	20483	225313
fSLC001	AN05	삼방이피엠1호	10016698	981.12	65568	62065	81.94	2.23	2.11	2023-11-01	2023-11-30	30	248260	203424	0	50	0	124130	124130	124130	12413	136543
fSLC001	AN06	삼방이피엠3호	10014324	321.3	21719	20484	81.94	2.25	2.13	2023-11-01	2023-11-30	30	81936	67138	0	50	0	40968	40968	40960	4096	45056
fSLC001	AN07	삼방발전소1호	10016695	997.92	56994	52410	81.94	1.9	1.75	2023-11-01	2023-11-30	30	209640	171779	0	50	0	104820	104820	104820	10482	115302
fSLC001	AN08	삼방솔라1호	10016694	914.76	43450	39462	81.94	1.58	1.44	2023-11-01	2023-11-30	30	157848	129340	0	50	0	78924	78924	78920	7892	86812
fSLC001	AN13	삼방에너지1호	10016699	982.8	73845	70250	81.94	2.5	2.38	2023-11-01	2023-11-30	30	281000	230251	0	50	0	140500	140500	140500	14050	154550
fSLC001	AN14	삼방에너지2호	10016700	990.36	61752	57115	81.94	2.08	1.92	2023-11-01	2023-11-30	30	228460	187200	0	50	0	114230	114230	114230	11423	125653
fSLC001	AN15	삼방에너지3호	10016701	278.46	21062	19845	81.94	2.52	2.38	2023-11-01	2023-11-30	30	79380	65043	0	50	0	39690	39690	39690	3969	43659
fSLC001	AN18	솔라에쿼티코리아003 태양광발전소	10002489	992.8	73138	68433	81.94	2.46	2.3	2023-11-01	2023-11-30	30	273732	224296	0	50	0	136866	136866	136860	13686	150546
fSLC001	AN19	솔라에쿼티코리아004 태양광발전소	10002488	993.82	73127	68701	81.94	2.45	2.3	2023-11-01	2023-11-30	30	274804	225174	0	50	0	137402	137402	137400	13740	151140
fSLC001	AR82	주식회사 우정	10007586	999.68	90984	87699	81.94	3.03	2.92	2023-11-01	2023-11-30	30	350796	287442	85	0	244325	0	244326	244320	24432	268752
fSLC003	4233	강산에너지태양광	10015413	748	29035	24365	65.28	1.29	1.09	2023-11-01	2023-11-30	30	97460	63621	80	50	50896	48730	50897	50890	5089	55979
fSLC003	4273	서광동일태양광	10015691	550	44459	42844	65.28	2.69	2.6	2023-11-01	2023-11-30	30	171376	111874	80	50	89499	85688	89499	89490	8949	98439
fSLC003	4274	서광신도태양광	10020689	302	27336	26354	65.28	3.02	2.91	2023-11-01	2023-11-30	30	105416	68815	80	50	55052	52708	55052	55050	5505	60555
fSLC003	4275	서광무릉태양광	10020693	518	44072	42458	65.28	2.84	2.73	2023-11-01	2023-11-30	30	169832	110866	80	50	88692	84916	88693	88690	8869	97559
fSLC003	4276	서광그린태양광	10020690	349	31209	30061	65.28	2.98	2.87	2023-11-01	2023-11-30	30	120244	78495	80	50	62796	60122	62796	62790	6279	69069
fSLC003	4707	태원태양광	10012764	864	60715	57593	65.28	2.34	2.22	2023-11-01	2023-11-30	30	230372	150386	80	50	120308	115186	120309	120300	12030	132330
fSLC003	5628	경수태양광	10000300	99.225	11599	11398	65.28	3.9	3.83	2023-11-01	2023-11-30	30	45592	29762	80	50	23809	22796	23810	23810	2381	26191
fSLC003	6286	해든에너지1	10015402	498.42	39724	37481	65.28	2.66	2.51	2023-11-01	2023-11-30	30	149924	97870	80	50	78296	74962	78296	78290	7829	86119
fSLC003	6307	한남태양광	10012806	299.88	29246	28354	65.28	3.25	3.15	2023-11-01	2023-11-30	30	113416	74037	80	50	59229	56708	59230	59230	5923	65153
fSLC003	6363	지앤비1호태양광발전소	10012961	260.1	16054	14963	65.28	2.06	1.92	2023-11-01	2023-11-30	30	59852	39071	80	50	31256	29926	31257	31250	3125	34375
fSLC003	6578	은성태양광	10012822	492.75	34687	32346	65.28	2.35	2.19	2023-11-01	2023-11-30	30	129384	84461	80	50	67568	64692	67569	67560	6756	74316
fSLC003	6671	해든에너지3	10015403	99.4	8641	8253	65.28	2.9	2.77	2023-11-01	2023-11-30	30	33012	21550	80	50	17240	16506	17240	17240	1724	18964
fSLC003	6673	해든에너지5	10015371	99.4	8692	8283	65.28	2.91	2.78	2023-11-01	2023-11-30	30	33132	21628	80	50	17302	16566	17302	17300	1730	19030
fSLC003	6930	가온태양광발전소	10012844	347.76	27521	26331	65.28	2.64	2.52	2023-11-01	2023-11-30	30	105324	68755	80	50	55004	52662	55004	55000	5500	60500
fSLC003	7725	시영태양광발전소	10003995	198.72	18389	17569	65.28	3.08	2.95	2023-11-01	2023-11-30	30	70276	45876	80	50	36700	35138	36701	36700	3670	40370
fSLC003	7809	은성2호태양광	10012818	295.65	20137	18783	65.28	2.27	2.12	2023-11-01	2023-11-30	30	75132	49046	80	50	39236	37566	39237	39230	3923	43153
fSLC003	A055	주한 태양광	10001194	199.43	19248	18614	65.28	3.22	3.11	2023-11-01	2023-11-30	30	74456	48604	80	50	38883	37228	38883	38880	3888	42768
fSLC003	A091	혁정1호태양광	10012802	498	45846	43975	65.28	3.07	2.94	2023-11-01	2023-11-30	30	175900	114827	80	50	91861	87950	91862	91860	9186	101046
fSLC003	A094	혁정2호태양광	10012803	497	44382	42007	65.28	2.98	2.82	2023-11-01	2023-11-30	30	168028	109688	80	50	87750	84014	87750	87750	8775	96525
fSLC003	A139	행원에너지 태양광발전소	10008778	442	31675	29423	65.28	2.39	2.22	2023-11-01	2023-11-30	30	117692	76829	80	50	61463	58846	61463	61460	6146	67606
fSLC003	A219	우리태양광발전소	10015388	497	35797	33218	65.28	2.4	2.23	2023-11-01	2023-11-30	30	132872	86738	80	50	69390	66436	69390	69390	6939	76329
fSLC003	A276	우림1태양광	10016343	199.92	18926	18239	65.28	3.16	3.04	2023-11-01	2023-11-30	30	72956	47625	80	50	38100	36478	38100	38100	3810	41910
fSLC003	A283	(주)에스엠솔라텍 태양광발전소	10009092	498.56	41206	39263	65.28	2.76	2.63	2023-11-01	2023-11-30	30	157052	102523	80	50	82018	78526	82018	82010	8201	90211
fSLC003	A342	들꽃01	10011969	313.6	25364	24330	65.28	2.7	2.59	2023-11-01	2023-11-30	30	97320	63530	80	50	50824	48660	50824	50820	5082	55902
fSLC003	A512	영락태양광발전	10015389	327.06	27807	26654	65.28	2.83	2.72	2023-11-01	2023-11-30	30	106616	69598	80	50	55678	53308	55678	55670	5567	61237
fSLC003	A555	거북태양광발전소	10013166	499.5	41916	40191	65.28	2.8	2.68	2023-11-01	2023-11-30	30	160764	104946	80	50	83956	80382	83957	83950	8395	92345
fSLC003	A785	뱀부 태양광	10009372	250.38	17610	16358	65.28	2.34	2.18	2023-11-01	2023-11-30	30	65432	42714	80	50	34171	32716	34171	34170	3417	37587
fSLC003	A984	에스엠솔라텍 태양광발전소 1호	10009503	268.96	22530	21470	65.28	2.79	2.66	2023-11-01	2023-11-30	30	85880	56062	80	50	44849	42940	44850	44850	4485	49335
fSLC003	AB56	그린태양광발전기	10014012	297	23447	22423	65.28	2.63	2.52	2023-11-01	2023-11-30	30	89692	58550	80	50	46840	44846	46840	46840	4684	51524
fSLC003	AB57	한빛태양광발전기	10013133	297.84	25514	24437	65.28	2.86	2.73	2023-11-01	2023-11-30	30	97748	63809	80	50	51047	48874	51047	51040	5104	56144
fSLC003	AD74	대명솔라2호	10020968	997.12	82165	78014	65.28	2.75	2.61	2023-11-01	2023-11-30	30	312056	203710	70	45	142597	140425	142597	142590	14259	156849
fSLC003	AD75	대명솔라4호	10020970	997.12	92388	88000	65.28	3.09	2.94	2023-11-01	2023-11-30	30	352000	229785	70	45	160849	158400	160850	160850	16085	176935
fSLC003	AD76	대명솔라6호	10020972	997.12	83037	78784	65.28	2.78	2.63	2023-11-01	2023-11-30	30	315136	205720	70	45	144004	141811	144004	144000	14400	158400
fSLC003	AD77	대명솔라3호	10020969	997.12	81187	76978	65.28	2.71	2.57	2023-11-01	2023-11-30	30	307912	201004	70	45	140702	138560	140703	140700	14070	154770
fSLC003	AD78	대명솔라5호	10020971	997.12	87893	83646	65.28	2.94	2.8	2023-11-01	2023-11-30	30	334584	218416	70	45	152891	150562	152891	152890	15289	168179
fSLC003	AD79	대명솔라7호	10020973	997.12	92472	88011	65.28	3.09	2.94	2023-11-01	2023-11-30	30	352044	229814	70	45	160869	158419	160870	160870	16087	176957
fSLC003	AD80	대명솔라8호	10020974	498.56	44051	41739	65.28	2.95	2.79	2023-11-01	2023-11-30	30	166956	108988	70	45	76291	75130	76292	76290	7629	83919
fSLC003	AE25	제우에너지	10015372	295.875	25918	24659	65.28	2.92	2.78	2023-11-01	2023-11-30	30	98636	64389	80	50	51511	49318	51511	51510	5151	56661
fSLC003	AJ12	세림태양광발전소	10014156	242.77	24427	23675	65.28	3.35	3.25	2023-11-01	2023-11-30	30	94700	61820	80	50	49456	47350	49456	49450	4945	54395
fSLC003	AK94	무릉태양광발전	10014223	491.4	44023	42078	65.28	2.99	2.85	2023-11-01	2023-11-30	30	168312	109874	80	50	87899	84156	87899	87890	8789	96679
fSLC003	AL70	성지태양광	10012801	98.4	9377	9110	65.28	3.18	3.09	2023-11-01	2023-11-30	30	36440	23788	80	50	19030	18220	19030	19030	1903	20933
fSLC003	AN37	혁정3호 태양광	10012800	498.15	50209	48853	65.28	3.36	3.27	2023-11-01	2023-11-30	30	195412	127564	80	50	102051	97706	102051	102050	10205	112255
fSLC003	AQ34	혁정4호 태양광	10012766	498.15	49526	48037	65.28	3.31	3.21	2023-11-01	2023-11-30	30	192148	125434	80	50	100347	96074	100347	100340	10034	110374
fSLC003	AQ40	혁정5호 태양광	10012804	498.15	49500	48188	65.28	3.31	3.22	2023-11-01	2023-11-30	30	192752	125828	80	50	100662	96376	100662	100660	10066	110726
fSLC004	5631	승현태양광b	10015819	99	9673	9311	82.41	3.26	3.14	2023-11-01	2023-11-30	30	37244	30692	70	45	21484	16759	21484	21480	2148	23628
fSLC004	5636	JH에너지태양광	10015990	99	11062	10416	82.41	3.72	3.51	2023-11-01	2023-11-30	30	41664	34335	70	45	24034	18748	24035	24030	2403	26433
fSLC004	5646	JJHAE태양광	10015774	99	10938	10327	82.41	3.68	3.48	2023-11-01	2023-11-30	30	41308	34041	70	45	23828	18588	23829	23820	2382	26202
fSLC004	5657	대양에너지태양광	10014987	99.84	8382	7655	82.41	2.8	2.56	2023-11-01	2023-11-30	30	30620	25233	70	45	17663	13779	17663	17660	1766	19426
fSLC004	5658	MJ태양광	10016224	99.84	9348	8974	82.41	3.12	3	2023-11-01	2023-11-30	30	35896	29581	70	45	20706	16153	20707	20700	2070	22770
fSLC004	5659	정수태양광	10016352	99.2	10348	10005	82.41	3.48	3.36	2023-11-01	2023-11-30	30	40020	32980	70	45	23086	18009	23086	23080	2308	25388
fSLC004	6136	청아태양광	10015861	100.98	7887	6855	82.41	2.6	2.26	2023-11-01	2023-11-30	30	27420	22596	70	45	15817	12339	15817	15810	1581	17391
fSLC004	6455	삼이일태양광발전소	10017017	98.32	8182	7661	82.41	2.77	2.6	2023-11-01	2023-11-30	30	30644	25253	70	45	17677	13789	17677	17670	1767	19437
fSLC004	6654	시온유 태양광발전소	10016048	362.88	32661	31430	82.41	3	2.89	2023-11-01	2023-11-30	30	125720	103605	75	0	77703	0	77704	77700	7770	85470
fSLC004	6670	대치에너지태양광발전소	10016251	98.58	12027	11774	82.41	4.07	3.98	2023-11-01	2023-11-30	30	47096	38811	70	45	27167	21193	27168	27160	2716	29876
fSLC004	9049	경훈영광태양광	10020290	300	21099	20076	82.41	2.34	2.23	2023-11-01	2023-11-30	30	80304	66178	80	50	52942	40152	52942	52940	5294	58234
fSLC004	9063	영광태양광	10020291	299	13898	12336	82.41	1.55	1.38	2023-11-01	2023-11-30	30	49344	40664	80	50	32531	24672	32531	32530	3253	35783
fSLC004	9117	도촌봉화태양광#2	10020292	300	26076	24997	82.41	2.9	2.78	2023-11-01	2023-11-30	30	99988	82400	70	45	57679	44994	57680	57680	5768	63448
fSLC004	9377	대영해남태양광	10024812	1000	56715	52779	82.41	1.89	1.76	2023-11-01	2023-11-30	30	211116	173980	80	50	139184	105558	139184	139180	13918	153098
fSLC004	9413	도촌봉화태양광#1	10020294	700	63193	60596	82.41	3.01	2.89	2023-11-01	2023-11-30	30	242384	199748	100	0	199748	0	199748	199740	19974	219714
fSLC004	9845	재희영암태양광	10020295	998	68512	65813	82.41	2.29	2.2	2023-11-01	2023-11-30	30	263252	216945	80	50	173556	131626	173556	173550	17355	190905
fSLC004	9913	용방해남태양광	10020306	900	73984	71387	82.41	2.74	2.64	2023-11-01	2023-11-30	30	285548	235320	80	50	188256	142774	188256	188250	18825	207075
fSLC004	9917	덕암해남태양광	10020296	990	81419	78568	82.41	2.74	2.65	2023-11-01	2023-11-30	30	314272	258991	80	50	207192	157136	207193	207190	20719	227909
fSLC004	A056	청산햇빛태양광발전소	10020297	982.8	62243	50551	82.41	2.11	1.71	2023-11-01	2023-11-30	30	202204	166636	75	0	124977	0	124977	124970	12497	137467
fSLC004	A150	만월태양광발전소	10020298	996.84	69160	57334	82.41	2.31	1.92	2023-11-01	2023-11-30	30	229336	188995	75	0	141746	0	141746	141740	14174	155914
fSLC004	A203	온누리태양광발전소	10002402	99	8232	7167	82.41	2.77	2.41	2023-11-01	2023-11-30	30	28668	23625	0	50	0	14334	14334	14330	1433	15763
fSLC004	A523	티에스솔루션태양광	10020299	996	66205	55228	82.41	2.22	1.85	2023-11-01	2023-11-30	30	220912	182053	75	0	136539	0	136540	136540	13654	150194
fSLC004	AB94	스카이1000 태양광발전소	10015275	997.92	78541	70085	82.41	2.62	2.34	2023-11-01	2023-11-30	30	280340	231028	75	0	173271	0	173271	173270	17327	190597
fSLC004	AG28	윤영태양광발전소 PV	10018371	98.4	6701	5732	82.41	2.27	1.94	2023-11-01	2023-11-30	30	22928	18894	70	45	13225	10317	13226	13220	1322	14542
fSLC004	AM14	엠에스솔라 태양광발전기	10016001	943.92	66559	60398	82.41	2.35	2.13	2023-11-01	2023-11-30	30	241592	199095	75	0	149321	0	149321	149320	14932	164252
fSLC004	AX81	푸른태양광발전소	10003925	876.8	71560	68527	82.41	2.72	2.61	2023-11-01	2023-11-30	30	274108	225892	0	35	0	95937	95938	95930	9593	105523
fSLC004	AX88	해담은 철원2호	10002299	990	83676	80566	82.41	2.82	2.71	2023-11-01	2023-11-30	30	322264	265577	90	0	239019	0	239019	239010	23901	262911
fSLC004	AX89	해담은안평	10002301	477.42	44602	42369	82.41	3.11	2.96	2023-11-01	2023-11-30	30	169476	139665	90	0	125698	0	125699	125690	12569	138259
fSLC004	AX90	에코에너지태양광발전소	10005620	499.8	40711	39238	82.41	2.72	2.62	2023-11-01	2023-11-30	30	156952	129344	0	35	0	54933	54933	54930	5493	60423
fSLC004	AX91	보은태양광발전소	10003664	997.92	86359	82498	82.41	2.88	2.76	2023-11-01	2023-11-30	30	329992	271946	0	35	0	115497	115497	115490	11549	127039
fSLC004	AX92	영호태양광발전소	10003825	297.85	24893	23703	82.41	2.79	2.65	2023-11-01	2023-11-30	30	94812	78134	0	35	0	33184	33184	33180	3318	36498
fSLC004	AX93	㈜디케이솔라	10020302	494.13	51546	49763	82.41	3.48	3.36	2023-11-01	2023-11-30	30	199052	164038	0	35	0	69668	69668	69660	6966	76626
fSLC004	AX94	샤론2 태양광발전소	10026243	365.04	38764	37532	82.41	3.54	3.43	2023-11-01	2023-11-30	30	150128	123720	0	35	0	52544	52545	52540	5254	57794
fSLC004	AX95	장재울발전소	10001017	298.08	22889	21390	82.41	2.56	2.39	2023-11-01	2023-11-30	30	85560	70509	0	35	0	29945	29946	29940	2994	32934
fSLC004	AX96	골드태양광발전소	10001585	299.2	19537	18012	82.41	2.18	2.01	2023-11-01	2023-11-30	30	72048	59374	0	35	0	25216	25217	25210	2521	27731
fSLC004	AX99	하늘태양광발전소	10003914	496.4	51391	49147	82.41	3.45	3.3	2023-11-01	2023-11-30	30	196588	162008	0	35	0	68805	68806	68800	6880	75680
fSLC004	AY06	하늘사랑태양광발전소	10001249	696	64147	61275	82.41	3.07	2.93	2023-11-01	2023-11-30	30	245100	201986	0	35	0	85785	85785	85780	8578	94358
fSLC004	AY08	스타트베이 태양광발전소	10016386	874.8	64913	61690	82.41	2.47	2.35	2023-11-01	2023-11-30	30	246760	203354	0	35	0	86366	86366	86360	8636	94996
fSLC004	AY10	태일태양광발전소	10005988	299.88	18304	17290	82.41	2.03	1.92	2023-11-01	2023-11-30	30	69160	56994	0	35	0	24206	24206	24200	2420	26620
fSLC004	AY11	바다태양광발전소	10028510	347.48	35626	34155	82.41	3.42	3.28	2023-11-01	2023-11-30	30	136620	112588	0	35	0	47817	47817	47810	4781	52591
fSLC004	AY20	해담은 철원1호	10002298	999.72	81352	78372	82.41	2.71	2.61	2023-11-01	2023-11-30	30	313488	258345	90	0	232510	0	232511	232510	23251	255761
fSLC004	AY21	에스제이태양광발전소	10020305	494.46	39947	38130	82.41	2.69	2.57	2023-11-01	2023-11-30	30	152520	125691	50	0	62845	0	62846	62840	6284	69124
fSLC005	4841	호성에너지태양광	10024371	995	87817	82470	88.6	2.94	2.76	2023-11-01	2023-11-30	30	329880	292273	75	50	219204	164940	219205	219200	21920	241120
fSLC005	6180	주천행복태양광	10022073	98.8	7646	6997	88.6	2.58	2.36	2023-11-01	2023-11-30	30	27988	24797	70	45	17357	12594	17358	17350	1735	19085
fSLC005	6407	영화태양광발전소_PV	10006532	498.96	40378	36404	88.6	2.7	2.43	2023-11-01	2023-11-30	30	145616	129015	75	50	96761	72808	96761	96760	9676	106436
fSLC005	6813	서강3호 태양광	10015361	499.32	50099	47078	88.6	3.34	3.14	2023-11-01	2023-11-30	30	188312	166844	75	50	125133	94156	125133	125130	12513	137643
fSLC005	6814	서강2호 태양광	10013165	499.32	50152	47185	88.6	3.35	3.15	2023-11-01	2023-11-30	30	188740	167223	75	50	125417	94370	125417	125410	12541	137951
fSLC005	6830	행안태양광	10015363	498.18	37310	31501	88.6	2.5	2.11	2023-11-01	2023-11-30	30	126004	111639	75	50	83729	63002	83729	83720	8372	92092
fSLC005	6849	SKY 태양광	10007416	297.84	30302	28388	88.6	3.39	3.18	2023-11-01	2023-11-30	30	113552	100607	75	50	75455	56776	75455	75450	7545	82995
fSLC005	6917	썬로드에너지태양광	10014782	989	74096	67815	88.6	2.5	2.29	2023-11-01	2023-11-30	30	271260	240336	75	50	180252	135630	180252	180250	18025	198275
fSLC005	6967	결실 태양광발전소	10014810	293.76	27647	25353	88.6	3.14	2.88	2023-11-01	2023-11-30	30	101412	89851	75	50	67388	50706	67388	67380	6738	74118
fSLC005	6983	서강레미콘 태양광	10011812	296.4	25128	23009	88.6	2.83	2.59	2023-11-01	2023-11-30	30	92036	81543	75	50	61157	46018	61157	61150	6115	67265
fSLC005	7601	용태양광발전소	10006598	496	40465	36256	88.6	2.72	2.44	2023-11-01	2023-11-30	30	145024	128491	75	50	96368	72512	96368	96360	9636	105996
fSLC005	7636	보령선에너지1호 태양광	10015360	997.92	76139	66883	88.6	2.54	2.23	2023-11-01	2023-11-30	30	267532	237033	75	50	177774	133766	177775	177770	17777	195547
fSLC005	7656	썬플라워태양광	10006306	497.42	40075	36458	88.6	2.69	2.44	2023-11-01	2023-11-30	30	145832	129207	75	50	96905	72916	96905	96900	9690	106590
fSLC005	7657	진현태양광	10009260	497.42	38602	35286	88.6	2.59	2.36	2023-11-01	2023-11-30	30	141144	125053	75	50	93789	70572	93790	93790	9379	103169
fSLC005	9409	경현봉화태양광	10015362	999	90268	87055	88.6	3.01	2.9	2023-11-01	2023-11-30	30	348220	308522	75	50	231391	174110	231392	231390	23139	254529
fSLC005	A410	(유)너울에너지 태양광발전소	10005523	400.4	32977	31223	88.6	2.75	2.6	2023-11-01	2023-11-30	30	124892	110654	70	45	77457	56201	77458	77450	7745	85195
fSLC005	A583	대화태양광발전소	10006044	945	69974	62488	88.6	2.47	2.2	2023-11-01	2023-11-30	30	249952	221457	75	50	166092	124976	166093	166090	16609	182699
fSLC005	A774	(유)삼남1호에너지 태양광발전소	10015280	981.54	67771	60451	88.6	2.3	2.05	2023-11-01	2023-11-30	30	241804	214238	75	50	160678	120902	160679	160670	16067	176737
fSLC005	A775	(유)삼남2호에너지 태양광발전소	10015282	981.54	69829	63082	88.6	2.37	2.14	2023-11-01	2023-11-30	30	252328	223562	75	50	167671	126164	167672	167670	16767	184437
fSLC005	A913	이엠에너지 태양광	10014847	99	6819	5897	88.6	2.3	1.99	2023-11-01	2023-11-30	30	23588	20898	75	50	15673	11794	15674	15670	1567	17237
fSLC005	AB93	미래아이앤지 태양광발전소	10015169	997.92	79604	71035	88.6	2.66	2.37	2023-11-01	2023-11-30	30	284140	251748	75	50	188811	142070	188811	188810	18881	207691
fSLC005	AD72	서진1호 태양광발전소	10015321	996.3	95436	86409	88.6	3.19	2.89	2023-11-01	2023-11-30	30	345636	306233	75	50	229674	172818	229675	229670	22967	252637
fSLC005	AG16	제이티솔라2호PV	10015364	499.5	30222	24880	88.6	2.02	1.66	2023-11-01	2023-11-30	30	99520	88174	75	50	66130	49760	66131	66130	6613	72743
fSLC005	AG17	제이티솔라3호PV	10015365	499.5	28233	23478	88.6	1.88	1.57	2023-11-01	2023-11-30	30	93912	83206	75	50	62404	46956	62405	62400	6240	68640
fSLC005	AM17	호명솔라 태양광발전기	10014761	943.92	67679	60275	88.6	2.39	2.13	2023-11-01	2023-11-30	30	241100	213614	75	50	160210	120550	160211	160210	16021	176231
fSLC005	AS12	다건태양광발전기	10006310	952.38	73143	69394	88.6	2.56	2.43	2023-11-01	2023-11-30	30	277576	245932	75	50	184449	138788	184449	184440	18444	202884
fSLC005	AS13	태인태양광발전기	10006309	912.42	66480	62919	88.6	2.43	2.3	2023-11-01	2023-11-30	30	251676	222984	75	50	167238	125838	167238	167230	16723	183953
fSLC005	AS14	썬플라워1호태양광발전기	10006308	998.26	82068	78153	88.6	2.74	2.61	2023-11-01	2023-11-30	30	312612	276974	75	50	207730	156306	207731	207730	20773	228503
fSLC005	AV98	대원산업태양광발전소	10015426	99.36	7870	7385	88.6	2.64	2.48	2023-11-01	2023-11-30	30	29540	26172	70	45	18320	13293	18320	18320	1832	20152
fSLC005	AW61	삼일태양광발전소	10015122	168	14125	13515	88.6	2.8	2.68	2023-11-01	2023-11-30	30	54060	47897	70	45	33527	24327	33528	33520	3352	36872
fSLC005	AW69	호권태양광발전소	10015124	336	28333	27154	88.6	2.81	2.69	2023-11-01	2023-11-30	30	108616	96233	70	45	67363	48877	67363	67360	6736	74096
fSLC005	AX71	신한산업사 태양광	10021009	470.015	48370	46647	88.6	3.43	3.31	2023-11-01	2023-11-30	30	186588	165316	70	45	115721	83964	115721	115720	11572	127292
fSLC005	AY52	에이피텍태양광발전소	10020756	199.2	18420	17774	88.6	3.08	2.97	2023-11-01	2023-11-30	30	71096	62991	70	45	44093	31993	44094	44090	4409	48499
fSLC005	B010	정에너지 유한회사	10012999	499.84	47013	45129	88.6	3.14	3.01	2023-11-01	2023-11-30	30	180516	159937	45	30	71971	54154	71972	71970	7197	79167
fSLC006	4673	의정부행복태양광	10009906	2241	187498	179504	81.17	2.79	2.67	2023-11-01	2023-11-30	30	718016	582813	90	0	524531	0	524532	524530	52453	576983
fSLC006	5334	성안태양광	10012315	1496.88	137021	130716	81.17	3.05	2.91	2023-11-01	2023-11-30	30	522864	424408	70	45	297085	235288	297086	297080	29708	326788
fSLC006	5414	대광태양광c	10000863	1996.4	186134	178847	81.17	3.11	2.99	2023-11-01	2023-11-30	30	715388	580680	90	0	522612	0	522612	522610	52261	574871
fSLC006	5686	(유)네모8태양광	10022577	1517.08	102696	92518	81.17	2.26	2.03	2023-11-01	2023-11-30	30	370072	300387	70	45	210270	166532	210271	210270	21027	231297
fSLC006	5763	의성율현태양광	10010607	2000.32	187657	180259	81.17	3.13	3	2023-11-01	2023-11-30	30	721036	585264	90	0	526737	0	526738	526730	52673	579403
fSLC006	7607	점리태양광발전소일호	10021045	998.64	80696	76658	81.17	2.69	2.56	2023-11-01	2023-11-30	30	306632	248893	70	45	174225	137984	174225	174220	17422	191642
fSLC006	7713	세창1호태양광	10016064	492.75	37709	32684	81.17	2.55	2.21	2023-11-01	2023-11-30	30	130736	106118	80	50	84894	65368	84894	84890	8489	93379
fSLC006	9433	관마진도태양광	10025297	800	67800	64760	81.17	2.82	2.7	2023-11-01	2023-11-30	30	259040	210262	80	50	168209	129520	168210	168210	16821	185031
fSLC006	9441	엔에스피영암태양광	10025299	468	38493	36623	81.17	2.74	2.61	2023-11-01	2023-11-30	30	146492	118907	80	50	95125	73246	95126	95120	9512	104632
fSLC006	9649	에스엘영암태양광	10025300	296	27469	26514	81.17	3.09	2.99	2023-11-01	2023-11-30	30	106056	86085	80	50	68868	53028	68868	68860	6886	75746
fSLC006	9921	우리영암태양광	10025298	539	47627	45610	81.17	2.95	2.82	2023-11-01	2023-11-30	30	182440	148086	80	50	118468	91220	118469	118460	11846	130306
fSLC006	A299	네모12태양광발전소	10000051	1824.84	129150	116302	81.17	2.36	2.12	2023-11-01	2023-11-30	30	465208	377609	70	45	264326	209343	264326	264320	26432	290752
fSLC006	AS09	동아ENG태양광발전소	10020979	480.48	38057	36549	81.17	2.64	2.54	2023-11-01	2023-11-30	30	146196	118667	70	45	83066	65788	83067	83060	8306	91366
fSLC006	AS43	미래전력태양광	10021886	996.8	86243	82687	81.17	2.88	2.77	2023-11-01	2023-11-30	30	330748	268468	70	45	187927	148836	187928	187920	18792	206712
fSLC006	AS44	한빛전력태양광	10021885	996.8	84555	81114	81.17	2.83	2.71	2023-11-01	2023-11-30	30	324456	263360	70	45	184352	146005	184352	184350	18435	202785
fSLC006	AS45	대흥전력태양광	10021887	996.8	86633	82942	81.17	2.9	2.77	2023-11-01	2023-11-30	30	331768	269296	70	45	188507	149295	188507	188500	18850	207350
fSLC006	AW24	반도크레인태양광발전소	10025340	99.36	7769	7341	81.17	2.61	2.46	2023-11-01	2023-11-30	30	29364	23834	70	45	16683	13213	16684	16680	1668	18348
fSLC006	AY15	대원총업 태양광	10020964	394.485	34266	33047	81.17	2.9	2.79	2023-11-01	2023-11-30	30	132188	107296	70	45	75107	59484	75107	75100	7510	82610
fSLC006	AY16	대신정공 태양광	10020958	170.625	13269	12613	81.17	2.59	2.46	2023-11-01	2023-11-30	30	50452	40951	70	45	28665	22703	28666	28660	2866	31526
fSLC006	AY17	선호NC태양광	10020755	143.325	10999	10411	81.17	2.56	2.42	2023-11-01	2023-11-30	30	41644	33802	70	45	23661	18739	23661	23660	2366	26026
fSLC006	AY34	신흥팩 태양광	10027933	197.47	16632	15769	81.17	2.81	2.66	2023-11-01	2023-11-30	30	63076	51198	70	45	35838	28384	35839	35830	3583	39413
fSLC006	AY35	한국엠엘 태양광	10025327	132.86	10603	10132	81.17	2.66	2.54	2023-11-01	2023-11-30	30	40528	32896	70	45	23027	18237	23027	23020	2302	25322
fSLC006	AY53	대성전기통신태양광발전소	10025286	291.2	23266	22271	81.17	2.66	2.55	2023-11-01	2023-11-30	30	89084	72309	70	45	50616	40087	50616	50610	5061	55671
fSLC006	AY54	대성 태양광발전소	10025277	218.4	17421	16689	81.17	2.66	2.55	2023-11-01	2023-11-30	30	66756	54185	70	45	37929	30040	37930	37930	3793	41723
fSLC006	AY56	우람 태양광발전소	10016831	171.36	14605	13859	81.17	2.84	2.7	2023-11-01	2023-11-30	30	55436	44997	70	45	31497	24946	31498	31490	3149	34639
fSLC006	AZ26	고상욱 태양광	10025841	330.24	24760	23374	81.17	2.5	2.36	2023-11-01	2023-11-30	30	93496	75890	70	45	53123	42073	53123	53120	5312	58432
fSLC006	AZ37	민현태양광발전소	10025285	384	31359	30071	81.17	2.72	2.61	2023-11-01	2023-11-30	30	120284	97634	70	45	68343	54127	68344	68340	6834	75174
fSLC006	AZ40	이에스지 태양광발전소	10022676	180	15558	14876	81.17	2.88	2.75	2023-11-01	2023-11-30	30	59504	48299	70	45	33809	26776	33809	33800	3380	37180
fSLC006	AZ85	대진A태양광 발전소	10020956	99.84	8057	7655	81.17	2.69	2.56	2023-11-01	2023-11-30	30	30620	24854	70	45	17397	13779	17398	17390	1739	19129
fSLC006	AZ86	대진B 태양광 발전소	10020957	99.84	7551	7127	81.17	2.52	2.38	2023-11-01	2023-11-30	30	28508	23139	70	45	16197	12828	16197	16190	1619	17809
fSLC006	B035	프로솔태양광발전소	10025834	98.88	10496	10270	81.17	3.54	3.46	2023-11-01	2023-11-30	30	41080	33344	70	45	23340	18486	23341	23340	2334	25674
fSLC006	B036	비엠테크태양광발전소	10025835	98.88	10137	9746	81.17	3.42	3.29	2023-11-01	2023-11-30	30	38984	31643	70	45	22150	17542	22150	22150	2215	24365
fSLC006	B146	선일이엔지 태양광발전소	10025342	299.52	26411	25307	81.17	2.94	2.82	2023-11-01	2023-11-30	30	101228	82166	70	45	57516	45552	57516	57510	5751	63261
fSLC006	B405	그린푸드텍태양광발전소	10025341	271.68	22905	22136	81.17	2.81	2.72	2023-11-01	2023-11-30	30	88544	71871	70	45	50309	39844	50310	50310	5031	55341
fSLC006	B407	준테크태양광발전소	10020963	199.2	14580	13805	81.17	2.44	2.31	2023-11-01	2023-11-30	30	55220	44822	70	45	31375	24849	31375	31370	3137	34507
fSLC006	B843	영인이엔지 태양광	10022660	245.76	18601	17585	81.17	2.52	2.39	2023-11-01	2023-11-30	30	70340	57094	70	45	39965	31653	39966	39960	3996	43956
fSLC006	B924	동양태양광발전소	10025844	134.4	12649	12227	81.17	3.14	3.03	2023-11-01	2023-11-30	30	48908	39698	70	45	27788	22008	27789	27780	2778	30558
fSLC006	B925	세영 태양광발전소	10021762	99.84	9802	9529	81.17	3.27	3.18	2023-11-01	2023-11-30	30	38116	30938	70	45	21656	17152	21657	21650	2165	23815
fSLC008	4812	심천	10030580	298	30428	29579	89.03	3.4	3.31	2023-11-01	2023-11-30	30	118316	105336	75	45	79002	53242	79002	79000	7900	86900
fSLC008	5382	아룡1호태양광	10031307	2250.6	136412	119075	89.03	2.02	1.76	2023-11-01	2023-11-30	30	476300	424049	75	50	318036	238150	318037	318030	31803	349833
fSLC008	5635	창표태양광	10000052	2004.64	164984	158332	89.03	2.74	2.63	2023-11-01	2023-11-30	30	633328	563851	70	45	394695	284997	394696	394690	39469	434159
fSLC008	5841	JS에너지태양광	10024567	99	9354	8564	89.03	3.15	2.88	2023-11-01	2023-11-30	30	34256	30498	70	45	21348	15415	21349	21340	2134	23474
fSLC008	6171	초곡태양광발전기	10003988	1492.26	141149	136204	89.03	3.15	3.04	2023-11-01	2023-11-30	30	544816	485049	70	45	339534	245167	339534	339530	33953	373483
fSLC008	6358	솔라파크원주태양광	10000048	1918.08	139406	131395	89.03	2.42	2.28	2023-11-01	2023-11-30	30	525580	467923	70	45	327546	236511	327546	327540	32754	360294
fSLC008	6402	행복태양광발전소_PV	10006037	498.96	39273	35209	89.03	2.62	2.35	2023-11-01	2023-11-30	30	140836	125386	75	45	94039	63376	94040	94040	9404	103444
fSLC008	6403	태웅태양광발전소_PV	10031309	498.96	40011	35944	89.03	2.67	2.4	2023-11-01	2023-11-30	30	143776	128003	75	45	96002	64699	96002	96000	9600	105600
fSLC008	7680	류천에너지태양광	10006677	903.105	65003	56924	89.03	2.4	2.1	2023-11-01	2023-11-30	30	227696	202717	75	50	152037	113848	152038	152030	15203	167233
fSLC008	7746	티제이태양광	10010169	479.52	39048	36857	89.03	2.71	2.56	2023-11-01	2023-11-30	30	147428	131255	75	45	98441	66342	98441	98440	9844	108284
fSLC008	7781	용곡1태양광발전소	10003998	2015.76	127125	107023	89.03	2.1	1.77	2023-11-01	2023-11-30	30	428092	381130	70	45	266791	192641	266791	266790	26679	293469
fSLC008	9925	온누리나주태양광	10031306	1800	130156	123518	89.03	2.41	2.29	2023-11-01	2023-11-30	30	494072	439872	80	50	351897	247036	351898	351890	35189	387079
fSLC008	A070	송원발전	10025710	498.96	53005	51563	89.03	3.54	3.44	2023-11-01	2023-11-30	30	206252	183626	70	45	128538	92813	128538	128530	12853	141383
fSLC008	A145	삼호태양광발전	10033765	2001	196686	187036	89.03	3.28	3.12	2023-11-01	2023-11-30	30	748144	666072	90	0	599464	0	599465	599460	59946	659406
fSLC008	A167	한길 태양광발전소	10033268	1809.09	123091	115475	89.03	2.27	2.13	2023-11-01	2023-11-30	30	461900	411229	70	45	287860	207855	287860	287860	28786	316646
fSLC008	A252	(유)한울에너지 태양광발전소	10031862	497.25	37818	32968	89.03	2.54	2.21	2023-11-01	2023-11-30	30	131872	117405	75	50	88053	65936	88054	88050	8805	96855
fSLC008	A335	(유)봉남리솔라 태양광발전소	10031865	998.56	72662	66406	89.03	2.43	2.22	2023-11-01	2023-11-30	30	265624	236485	75	50	177363	132812	177364	177360	17736	195096
fSLC008	A411	관동대 태양광발전소	10005032	1963.125	159300	152302	89.03	2.7	2.59	2023-11-01	2023-11-30	30	609208	542377	70	45	379663	274143	379664	379660	37966	417626
fSLC008	A936	삼삼태양광PV	10015809	197.1	16972	14799	89.03	2.87	2.5	2023-11-01	2023-11-30	30	59196	52702	75	45	39526	26638	39527	39520	3952	43472
fSLC008	AA44	유한회사 민채하동1호 태양광발전기	10033267	997.92	97563	90496	89.03	3.26	3.02	2023-11-01	2023-11-30	30	361984	322274	75	50	241705	180992	241706	241700	24170	265870
fSLC008	ABEI	대한모터스 태양광발전소	10026173	244.79	19489	18597	89.03	2.65	2.53	2023-11-01	2023-11-30	30	74388	66227	75	45	49670	33474	49670	49670	4967	54637
fSLC008	ABGK	한국지붕태양광5 유한회사	10026172	698.4	73780	71856	89.03	3.52	3.43	2023-11-01	2023-11-30	30	287424	255893	75	45	191919	129340	191920	191920	19192	211112
fSLC008	AC22	용진 태양광발전소	10000015	499.5	45527	43444	89.03	3.04	2.9	2023-11-01	2023-11-30	30	173776	154712	70	45	108298	78199	108298	108290	10829	119119
fSLC008	AD03	해우리발전소	10013209	1804.14	182997	175460	89.03	3.38	3.24	2023-11-01	2023-11-30	30	701840	624848	85	45	531120	315828	531121	531120	53112	584232
fSLC008	AG70	JS태양전력2호	10006688	98.28	6928	5896	89.03	2.35	2	2023-11-01	2023-11-30	30	23584	20996	75	0	15747	0	15747	15740	1574	17314
fSLC008	B980	한일테크 태양광발전소	10026174	99.19	9700	9385	89.03	3.26	3.15	2023-11-01	2023-11-30	30	37540	33421	70	45	23394	16893	23395	23390	2339	25729
fSLC008	B981	혜성정밀 태양광발전소	10026175	151.68	15811	15475	89.03	3.47	3.4	2023-11-01	2023-11-30	30	61900	55109	70	45	38576	27855	38576	38570	3857	42427
fSLC008	B997	목무신1호 태양광발전소	10012997	699.84	51834	49070	89.03	2.47	2.34	2023-11-01	2023-11-30	30	196280	174748	45	30	78636	58884	78637	78630	7863	86493
fSLC008	B998	태양3호 태양광발전소	10011839	294.84	29981	28921	89.03	3.39	3.27	2023-11-01	2023-11-30	30	115684	102993	45	30	46346	34705	46347	46340	4634	50974
fSLC009	1757	안면태양광	10035777	1803.04	144185	136647	72.01	2.67	2.53	2023-11-01	2023-11-30	30	546588	393598	0	57.5	0	314288	314288	314280	31428	345708
fSLC009	1758	영목태양광	10035778	1203.6	95543	91222	72.01	2.65	2.53	2023-11-01	2023-11-30	30	364888	262755	0	57.5	0	209810	209811	209810	20981	230791
fSLC009	1759	고남태양광	10035776	1534	122612	116212	72.01	2.66	2.53	2023-11-01	2023-11-30	30	464848	334737	0	57.5	0	267287	267288	267280	26728	294008
fSLC009	1935	영광염전태양광발전기	10035851	10981.4	795143	747993	72.01	2.41	2.27	2023-11-01	2023-11-30	30	2991972	2154519	0	57.5	0	1720383	1720384	1720380	172038	1892418
fSLC009	4683	GMK창원공장3호태양광	10035775	5002	433632	415104	72.01	2.89	2.77	2023-11-01	2023-11-30	30	1660416	1195665	0	57.5	0	954739	954739	954730	95473	1050203
fSLC009	5248	형진쏠라12호태양광	10035788	2298.96	211262	202289	72.01	3.06	2.93	2023-11-01	2023-11-30	30	809156	582673	0	57.5	0	465264	465265	465260	46526	511786
fSLC009	5250	친환경단구리태양광	10035779	1496.88	150174	146099	72.01	3.34	3.25	2023-11-01	2023-11-30	30	584396	420823	0	57.5	0	336027	336028	336020	33602	369622
fSLC009	5807	은성쏠라22호태양광	10035789	1442.385	102670	97946	72.01	2.37	2.26	2023-11-01	2023-11-30	30	391784	282123	0	57.5	0	225275	225276	225270	22527	247797
fSLC009	5846	은성쏠라21호태양광	10035790	1272.05	107209	102319	72.01	2.81	2.68	2023-11-01	2023-11-30	30	409276	294719	0	57.5	0	235333	235334	235330	23533	258863
fSLC009	5913	은성쏠라5호태양광	10035780	2494.7	225587	219479	72.01	3.01	2.93	2023-11-01	2023-11-30	30	877916	632187	0	57.5	0	504801	504802	504800	50480	555280
fSLC009	6199	은성쏠라4호태양광	10035781	1296.75	100203	94584	72.01	2.58	2.43	2023-11-01	2023-11-30	30	378336	272439	0	57.5	0	217543	217543	217540	21754	239294
fSLC009	6462	은성쏠라14호 태양광발전소	10035782	1095.255	47861	42773	72.01	1.46	1.3	2023-11-01	2023-11-30	30	171092	123203	0	57.5	0	98377	98378	98370	9837	108207
fSLC009	A381	당진JH태양광발전소	10035791	1603.08	110695	104605	72.01	2.3	2.18	2023-11-01	2023-11-30	30	418420	301304	0	57.5	0	240591	240591	240590	24059	264649
fSLC009	A892	은성쏠라36호 태양광발전소	10035792	999	64592	60332	72.01	2.16	2.01	2023-11-01	2023-11-30	30	241328	173780	0	57.5	0	138763	138764	138760	13876	152636
fSLC009	A893	은성쏠라10호 태양광발전소	10035783	999.495	94233	91089	72.01	3.14	3.04	2023-11-01	2023-11-30	30	364356	262372	0	57.5	0	209504	209505	209500	20950	230450
fSLC009	A894	은성쏠라12호 태양광발전소	10035784	997.12	90221	86391	72.01	3.02	2.89	2023-11-01	2023-11-30	30	345564	248840	0	57.5	0	198699	198699	198690	19869	218559
fSLC009	A895	은성쏠라16호 태양광발전소	10035785	997.12	91846	88505	72.01	3.07	2.96	2023-11-01	2023-11-30	30	354020	254929	0	57.5	0	203561	203561	203560	20356	223916
fSLC009	A896	은성쏠라40호 태양광발전소	10035786	999	79288	75313	72.01	2.65	2.51	2023-11-01	2023-11-30	30	301252	216931	0	57.5	0	173219	173220	173220	17322	190542
fSLC009	A897	은성쏠라37호 태양광발전소	10035793	999	95023	91695	72.01	3.17	3.06	2023-11-01	2023-11-30	30	366780	264118	0	57.5	0	210898	210898	210890	21089	231979
fSLC009	A898	은성쏠라41호 태양광발전소	10035794	699.3	47412	44328	72.01	2.26	2.11	2023-11-01	2023-11-30	30	177312	127682	0	57.5	0	101954	101954	101950	10195	112145
fSLC009	AA43	지엘1호 태양광발전소	10035787	799.2	59893	56775	72.01	2.5	2.37	2023-11-01	2023-11-30	30	227100	163534	0	57.5	0	130582	130582	130580	13058	143638
fSLC007	1605	에너지팜	10032027	999	78642	72592	70.29	2.62	2.42	2023-11-01	2023-11-30	30	290368	204099	90	0	183689	0	183689	183680	18368	202048
fSLC007	1648	장성북이1호	10033292	600	44769	42644	70.29	2.49	2.37	2023-11-01	2023-11-30	30	170576	119897	90	0	107907	0	107907	107900	10790	118690
fSLC007	1718	무안그린	10032008	1694	154614	146165	70.29	3.04	2.88	2023-11-01	2023-11-30	30	584660	410957	90	0	369861	0	369861	369860	36986	406846
fSLC007	1798	그린테크노	10031995	1500	107824	102024	70.29	2.4	2.27	2023-11-01	2023-11-30	30	408096	286850	90	0	258165	0	258165	258160	25816	283976
fSLC007	1805	진도그린에너지	10031840	1704	128036	120086	70.29	2.5	2.35	2023-11-01	2023-11-30	30	480344	337633	90	0	303869	0	303870	303870	30387	334257
fSLC007	1822	화이트에너지	10034537	500	39646	37792	70.29	2.64	2.52	2023-11-01	2023-11-30	30	151168	106255	90	0	95629	0	95630	95630	9563	105193
fSLC007	1860	에너지랜드	10032028	999	76548	70879	70.29	2.55	2.36	2023-11-01	2023-11-30	30	283516	199283	90	0	179354	0	179355	179350	17935	197285
fSLC007	1917	퓨처썬(고성)	10033285	990	99094	96348	70.29	3.34	3.24	2023-11-01	2023-11-30	30	385392	270892	90	0	243802	0	243803	243800	24380	268180
fSLC007	4476	포에이스	10032001	2000	166298	161573	70.29	2.77	2.69	2023-11-01	2023-11-30	30	646292	454278	90	0	408850	0	408850	408850	40885	449735
fSLC007	4500	복평태양광	10032000	1700	129162	123394	70.29	2.53	2.42	2023-11-01	2023-11-30	30	493576	346934	90	0	312240	0	312241	312240	31224	343464
fSLC007	4506	클린에너지	10031852	2900	179539	149196	70.29	2.06	1.71	2023-11-01	2023-11-30	30	596784	419479	90	0	377531	0	377531	377530	37753	415283
fSLC007	4527	드림팜	10034535	398	33028	29652	70.29	2.77	2.48	2023-11-01	2023-11-30	30	118608	83369	90	0	75032	0	75032	75030	7503	82533
fSLC007	4647	빛고을신재생 1호	10032033	5524	429014	403368	70.29	2.59	2.43	2023-11-01	2023-11-30	30	1613472	1134109	90	0	1020698	0	1020698	1020690	102069	1122759
fSLC007	4648	빛고을신재생 2호	10032034	1299	97833	92546	70.29	2.51	2.37	2023-11-01	2023-11-30	30	370184	260202	90	0	234181	0	234182	234180	23418	257598
fSLC007	4732	삼당에코	10033012	998	77465	70461	70.29	2.59	2.35	2023-11-01	2023-11-30	30	281844	198108	90	0	178297	0	178297	178290	17829	196119
fSLC007	4792	광전사	10033290	2994	214469	182950	70.29	2.39	2.04	2023-11-01	2023-11-30	30	731800	514382	90	0	462943	0	462944	462940	46294	509234
fSLC007	4793	제이에스	10033291	2994	219941	191530	70.29	2.45	2.13	2023-11-01	2023-11-30	30	766120	538505	90	0	484654	0	484655	484650	48465	533115
fSLC007	4797	(유)진도그린(대찬솔라)	10031851	2002	139205	127674	70.29	2.32	2.13	2023-11-01	2023-11-30	30	510696	358968	90	0	323071	0	323071	323070	32307	355377
fSLC007	4922	그린솔라	10033024	2098	187889	180697	70.29	2.99	2.87	2023-11-01	2023-11-30	30	722788	508047	90	0	457242	0	457242	457240	45724	502964
fSLC007	4971	에너지팜(겨레에너지)	10033010	1975	179932	167326	70.29	3.04	2.82	2023-11-01	2023-11-30	30	669304	470453	90	0	423407	0	423408	423400	42340	465740
fSLC007	5455	주덕태양광	10032068	993.28	61517	57894	70.29	2.06	1.94	2023-11-01	2023-11-30	30	231576	162774	90	0	146496	0	146497	146490	14649	161139
fSLC007	5641	온새미로	10032069	2449.44	167913	156105	70.29	2.29	2.12	2023-11-01	2023-11-30	30	624420	438904	90	0	395013	0	395014	395010	39501	434511
fSLC007	6472	광민솔라	10031859	994.5	78299	72203	70.29	2.62	2.42	2023-11-01	2023-11-30	30	288812	203005	90	0	182704	0	182705	182700	18270	200970
fSLC007	6549	남도에너지	10031855	997.92	62230	56507	70.29	2.08	1.89	2023-11-01	2023-11-30	30	226028	158875	90	0	142987	0	142988	142980	14298	157278
fSLC007	6730	탑솔라1호	10033287	900.21	59318	53857	70.29	2.2	1.99	2023-11-01	2023-11-30	30	215428	151424	90	0	136281	0	136282	136280	13628	149908
fSLC007	6929	탑솔라2호	10033288	242.72	17487	16337	70.29	2.4	2.24	2023-11-01	2023-11-30	30	65348	45933	90	0	41339	0	41340	41340	4134	45474
fSLC007	7778	보담에너지	10031861	998	74161	69379	70.29	2.48	2.32	2023-11-01	2023-11-30	30	277516	195065	90	0	175558	0	175559	175550	17555	193105
fSLC007	7795	디원2호	10034536	97.5	6422	4934	70.29	2.2	1.69	2023-11-01	2023-11-30	30	19736	13872	90	0	12484	0	12485	12480	1248	13728
fSLC007	9673	신북태양광	10032988	392	31505	30418	70.29	2.68	2.59	2023-11-01	2023-11-30	30	121672	85523	90	0	76970	0	76971	76970	7697	84667
fSLC007	9701	포에이스(에스엘)	10033286	468	38382	37043	70.29	2.73	2.64	2023-11-01	2023-11-30	30	148172	104150	90	0	93735	0	93735	93730	9373	103103
fSLC007	A548	디원3호(대화태양광)	10033289	1495.88	93390	86326	70.29	2.08	1.92	2023-11-01	2023-11-30	30	345304	242714	90	0	218442	0	218443	218440	21844	240284
fSLC007	A601	곡성 라이프에너지2호	10031835	957.76	62632	54693	70.29	2.18	1.9	2023-11-01	2023-11-30	30	218772	153774	90	0	138396	0	138397	138390	13839	152229
fSLC007	A864	방장	10031872	997.92	73272	67127	70.29	2.45	2.24	2023-11-01	2023-11-30	30	268508	188734	90	0	169860	0	169861	169860	16986	186846
fSLC007	A865	노령	10033023	997.92	67377	60851	70.29	2.25	2.03	2023-11-01	2023-11-30	30	243404	171088	90	0	153979	0	153979	153970	15397	169367
fSLC007	AD30	아리랑에너지	10031889	998.64	78310	69036	70.29	2.61	2.3	2023-11-01	2023-11-30	30	276144	194101	90	0	174690	0	174691	174690	17469	192159
fSLC007	AD31	한빛에너지	10031890	998.64	81582	72633	70.29	2.72	2.42	2023-11-01	2023-11-30	30	290532	204214	90	0	183792	0	183793	183790	18379	202169
fSLC007	AD32	산다라에너지	10031883	996.84	78218	70070	70.29	2.62	2.34	2023-11-01	2023-11-30	30	280280	197008	90	0	177307	0	177307	177300	17730	195030
fSLC007	AD33	다정에너지	10031882	996.84	79472	70068	70.29	2.66	2.34	2023-11-01	2023-11-30	30	280272	197003	90	0	177302	0	177303	177300	17730	195030
fSLC007	AD34	노들에너지	10031881	996.84	77178	68932	70.29	2.58	2.31	2023-11-01	2023-11-30	30	275728	193809	90	0	174428	0	174428	174420	17442	191862
fSLC007	AD35	나비잠에너지	10031880	996.84	77664	67803	70.29	2.6	2.27	2023-11-01	2023-11-30	30	271212	190634	90	0	171570	0	171571	171570	17157	188727
fSLC007	AD36	고은에너지	10031879	996.84	77586	68723	70.29	2.59	2.3	2023-11-01	2023-11-30	30	274892	193221	90	0	173898	0	173899	173890	17389	191279
fSLC007	AD37	어진에너지	10031878	996.84	77068	68172	70.29	2.58	2.28	2023-11-01	2023-11-30	30	272688	191672	90	0	172504	0	172505	172500	17250	189750
fSLC007	AD38	꽃잠에너지	10031884	996.84	78875	70399	70.29	2.64	2.35	2023-11-01	2023-11-30	30	281596	197933	90	0	178139	0	178140	178140	17814	195954
fSLC007	AD39	은가비에너지	10031885	996.84	80255	71611	70.29	2.68	2.39	2023-11-01	2023-11-30	30	286444	201341	90	0	181206	0	181207	181200	18120	199320
fSLC007	AD40	지니에너지	10031886	996.84	78140	69772	70.29	2.61	2.33	2023-11-01	2023-11-30	30	279088	196170	90	0	176553	0	176553	176550	17655	194205
fSLC007	AD41	나무에너지	10031888	998.64	81275	72714	70.29	2.71	2.43	2023-11-01	2023-11-30	30	290856	204442	90	0	183997	0	183998	183990	18399	202389
fSLC007	AD42	토리에너지	10031887	996.84	76165	67708	70.29	2.55	2.26	2023-11-01	2023-11-30	30	270832	190367	90	0	171330	0	171330	171330	17133	188463
fSLC010	4376	지셀태양광4호	10007154	912.66	61942	58539	74.31	2.26	2.14	2023-11-01	2023-11-30	30	234156	174001	0	57.5	0	134639	134640	134640	13464	148104
fSLC010	4377	원당중공업태양광	10007155	1850	132151	124184	74.31	2.38	2.24	2023-11-01	2023-11-30	30	496736	369124	0	57.5	0	285623	285623	285620	28562	314182
fSLC010	4378	유진산업태양광	10007156	1490	75979	66740	74.31	1.7	1.49	2023-11-01	2023-11-30	30	266960	198377	0	57.5	0	153502	153502	153500	15350	168850
fSLC010	4587	군산나우배수지태양광	10007152	590.4	48817	46414	74.31	2.76	2.62	2023-11-01	2023-11-30	30	185656	137960	0	57.5	0	106752	106752	106750	10675	117425
fSLC010	4588	군산오식도배수지태양광	10007153	840	69381	66172	74.31	2.75	2.63	2023-11-01	2023-11-30	30	264688	196689	0	57.5	0	152195	152196	152190	15219	167409
fSLC010	4589	군산공공하수처리장태양광	10007151	2798.4	138853	128583	74.31	2.07	1.91	2023-11-01	2023-11-30	24	514332	382200	0	57.5	0	295740	295741	295740	29574	325314
fSLC010	4882	3군사태양광	10041970	1413.98	92125	85766	74.31	2.17	2.02	2023-11-01	2023-11-30	30	343064	254930	0	57.5	0	197261	197262	197260	19726	216986
fSLC010	4883	종군교태양광	10041969	2530.8	193913	184846	74.31	2.55	2.43	2023-11-01	2023-11-30	30	739384	549436	0	57.5	0	425145	425146	425140	42514	467654
fSLC010	5204	605수송대대태양광	10041971	1518.29	103242	98340	74.31	2.27	2.16	2023-11-01	2023-11-30	30	393360	292305	0	57.5	0	226181	226182	226180	22618	248798
fSLC010	5205	에너제이태양광	10041972	2996.46	201050	188640	74.31	2.24	2.1	2023-11-01	2023-11-30	30	754560	560713	0	57.5	0	433871	433872	433870	43387	477257
fSLC010	5419	해모아태양광	10014904	2114.91	167618	157174	74.31	2.64	2.48	2023-11-01	2023-11-30	30	628696	467183	100	0	467183	0	467183	467180	46718	513898
fSLC010	5954	금강2호태양광	10037994	997.92	97858	89898	74.31	3.27	3	2023-11-01	2023-11-30	30	359592	267212	75	45	200409	161816	200409	200400	20040	220440
fSLC010	6371	금강1호태양광	10037993	1833.93	202867	194661	74.31	3.69	3.54	2023-11-01	2023-11-30	30	778644	578610	75	45	433957	350389	433958	433950	43395	477345
fSLC010	6769	아성1호태양광발전소	10033925	99.11	4822	4430	74.31	2.7	2.48	2023-11-01	2023-11-30	18	17720	13167	90	0	11850	0	11850	11850	1185	13035
fSLC010	6770	아성2호태양광발전소	10033926	99.11	3599	3322	74.31	2.02	1.86	2023-11-01	2023-11-30	18	13288	9874	90	0	8886	0	8887	8880	888	9768
fSLC010	6771	아성5호태양광발전소	10033929	99.11	4746	4413	74.31	2.66	2.47	2023-11-01	2023-11-30	18	17652	13117	90	0	11805	0	11805	11800	1180	12980
fSLC010	6772	아성6호태양광발전소	10033930	99.11	5300	4996	74.31	2.97	2.8	2023-11-01	2023-11-30	18	19984	14850	90	0	13365	0	13365	13360	1336	14696
fSLC010	6773	아성9호태양광발전소	10033933	99.11	4514	4116	74.31	2.53	2.31	2023-11-01	2023-11-30	18	16464	12234	90	0	11010	0	11011	11010	1101	12111
fSLC010	6774	아성12호태양광발전소	10033936	99.11	3508	3119	74.31	1.97	1.75	2023-11-01	2023-11-30	18	12476	9270	90	0	8343	0	8343	8340	834	9174
fSLC010	6784	아성15호태양광발전소	10033939	99.11	5227	4977	74.31	2.93	2.79	2023-11-01	2023-11-30	18	19908	14793	90	0	13313	0	13314	13310	1331	14641
fSLC010	6785	아성13호태양광발전소	10033937	99.11	4913	4539	74.31	2.75	2.54	2023-11-01	2023-11-30	18	18156	13491	90	0	12141	0	12142	12140	1214	13354
fSLC010	6786	아성11호태양광발전소	10033935	99.11	3321	3076	74.31	1.86	1.72	2023-11-01	2023-11-30	18	12304	9143	90	0	8228	0	8229	8220	822	9042
fSLC010	6787	아성3호태양광발전소	10033927	99.11	4324	3823	74.31	2.42	2.14	2023-11-01	2023-11-30	18	15292	11363	90	0	10226	0	10227	10220	1022	11242
fSLC010	6789	아성4호태양광발전소	10033928	99.11	3277	2998	74.31	1.84	1.68	2023-11-01	2023-11-30	18	11992	8911	90	0	8019	0	8020	8020	802	8822
fSLC010	6790	아성7호태양광발전소	10033931	99.11	5415	5259	74.31	3.04	2.95	2023-11-01	2023-11-30	18	21036	15631	90	0	14067	0	14068	14060	1406	15466
fSLC010	6791	아성8호태양광발전소	10033932	99.11	4449	3892	74.31	2.49	2.18	2023-11-01	2023-11-30	18	15568	11568	90	0	10411	0	10411	10410	1041	11451
fSLC010	6792	아성10호태양광발전소	10033934	99.11	5149	4816	74.31	2.89	2.7	2023-11-01	2023-11-30	18	19264	14315	90	0	12883	0	12884	12880	1288	14168
fSLC010	6793	아성14호태양광발전소	10033938	99.11	5313	5051	74.31	2.98	2.83	2023-11-01	2023-11-30	18	20204	15013	90	0	13511	0	13512	13510	1351	14861
fSLC010	6794	아성16호태양광발전소	10033940	99.11	4771	4343	74.31	2.67	2.43	2023-11-01	2023-11-30	18	17372	12909	90	0	11618	0	11618	11610	1161	12771
fSLC010	6795	아성17호태양광발전소	10033942	99.11	4916	4561	74.31	2.76	2.56	2023-11-01	2023-11-30	18	18244	13557	90	0	12201	0	12201	12200	1220	13420
fSLC010	A862	군위태양광_PV	10034285	440.64	36771	33639	74.31	2.78	2.54	2023-11-01	2023-11-30	30	134556	99988	80	0	79990	0	79990	79990	7999	87989
fSLC010	A901	삼일 태양광	10005919	95.04	8628	7729	74.31	3.03	2.71	2023-11-01	2023-11-30	30	30916	22973	80	40	18378	12366	18378	18370	1837	20207
fSLC010	ABAA	더블유에스코리아 태양광발전소	10036978	136.8	14054	13598	74.31	3.42	3.31	2023-11-01	2023-11-30	30	54392	40418	70	45	28292	24476	28293	28290	2829	31119
fSLC010	ABFI	알라이트주식회사태양광발전소	10036976	148.5	12532	12002	74.31	2.81	2.69	2023-11-01	2023-11-30	30	48008	35674	70	45	24971	21603	24972	24970	2497	27467
fSLC010	ABH7	협신철망 태양광발전소	10036873	99.9	8123	7710	74.31	2.71	2.57	2023-11-01	2023-11-30	30	30840	22917	70	45	16041	13878	16042	16040	1604	17644
fSLC010	AK69	남성태양광발전소	10030730	493.92	40842	38786	74.31	2.76	2.62	2023-11-01	2023-11-30	30	155144	115287	75	45	86465	69814	86465	86460	8646	95106
fSLC010	AW83	(주)아르케전기기술단	10030327	2408.57	205107	196705	74.31	2.84	2.72	2023-11-01	2023-11-30	30	786820	584685	75	45	438513	354069	438514	438510	43851	482361
fSLC010	AZ39	삼일이엔지 태양광	10036836	161.28	11446	10731	74.31	2.37	2.22	2023-11-01	2023-11-30	30	42924	31896	70	45	22327	19315	22327	22320	2232	24552
fSLC010	B132	삼동호3호 태양광발전기	10042528	99.64	8642	8326	74.31	2.89	2.79	2023-11-01	2023-11-30	30	33304	24748	75	45	18561	14986	18561	18560	1856	20416
fSLC010	B936	성일피엔지 태양광발전소	10036879	124.8	9436	8868	74.31	2.52	2.37	2023-11-01	2023-11-30	30	35472	26359	70	45	18451	15962	18451	18450	1845	20295
fSLC010	BA81	디엠에스 태양광발전소	10036662	214.11	22718	21961	74.31	3.54	3.42	2023-11-01	2023-11-30	30	87844	65276	70	45	45693	39529	45693	45690	4569	50259
fSLC010	BA82	에이치아이기계 태양광발전소	10036964	99.9	10490	10271	74.31	3.5	3.43	2023-11-01	2023-11-30	30	41084	30529	70	45	21370	18487	21370	21370	2137	23507
fSLC010	BB65	우드뱅크우영태양광	10037689	1379.84	110956	106260	74.31	2.68	2.57	2023-11-01	2023-11-30	30	425040	315847	75	45	236885	191268	236885	236880	23688	260568
fSLC010	BB75	엠엔비 태양광발전소	10036980	181.44	19157	18540	74.31	3.52	3.41	2023-11-01	2023-11-30	30	74160	55108	70	45	38575	33372	38576	38570	3857	42427
fSLC010	BB76	신영열처리 태양광발전소	10036663	132.3	12259	11814	74.31	3.09	2.98	2023-11-01	2023-11-30	30	47256	35115	70	45	24580	21265	24581	24580	2458	27038
fSLC010	BE02	HPM 태양광 발전소	10036660	495.72	41287	39346	74.31	2.78	2.65	2023-11-01	2023-11-30	30	157384	116952	70	45	81866	70822	81866	81860	8186	90046
fSLC010	BE93	대불에너지 1호 태양광	10041769	985.6	78560	74873	74.31	2.66	2.53	2023-11-01	2023-11-30	30	299492	222552	80	0	178041	0	178042	178040	17804	195844
fSLC010	BE94	대불에너지 2호 태양광	10041246	498.96	42612	40933	74.31	2.85	2.73	2023-11-01	2023-11-30	30	163732	121669	80	0	97335	0	97335	97330	9733	107063
fSLC010	BF58	고전솔라에너지 태양광	10037267	996.26	93348	89237	74.31	3.12	2.99	2023-11-01	2023-11-30	30	356948	265248	80	40	212198	142779	212198	212190	21219	233409
fSLC010	BF62	비에스솔라에너지 태양광	10042527	996.26	94573	90323	74.31	3.16	3.02	2023-11-01	2023-11-30	30	361292	268476	80	40	214780	144516	214781	214780	21478	236258
fSLC011	1599	에너지파크	10033865	2000.16	201163	193492	68.52	3.35	3.22	2023-11-01	2023-11-30	30	773968	530322	90	0	477289	0	477290	477290	47729	525019
fSLC011	1728	(주)대척태양광	10033022	7500	553362	515922	68.52	2.46	2.29	2023-11-01	2023-11-30	30	2063688	1414039	90	0	1272635	0	1272635	1272630	127263	1399893
fSLC011	1729	(주)금산태양광	10033033	9000	657698	618379	68.52	2.44	2.29	2023-11-01	2023-11-30	30	2473516	1694853	90	0	1525367	0	1525368	1525360	152536	1677896
fSLC011	1806	의신솔라	10032013	1195.56	105833	101474	68.52	2.95	2.83	2023-11-01	2023-11-30	30	405896	278119	90	0	250307	0	250307	250300	25030	275330
fSLC011	1807	(유)진도솔라	10032012	1200	96966	90899	68.52	2.69	2.52	2023-11-01	2023-11-30	30	363596	249135	90	0	224221	0	224222	224220	22422	246642
fSLC011	1808	참솔라태양광	10032019	500	37736	34530	68.52	2.52	2.3	2023-11-01	2023-11-30	30	138120	94639	90	0	85175	0	85175	85170	8517	93687
fSLC011	1840	대흥태양광	10035201	600	35539	32644	68.52	1.97	1.81	2023-11-01	2023-11-30	30	130576	89470	90	0	80523	0	80523	80520	8052	88572
fSLC011	1940	주혁태양광	10031998	300	22825	21704	68.52	2.54	2.41	2023-11-01	2023-11-30	30	86816	59486	90	0	53537	0	53537	53530	5353	58883
fSLC011	2238	청용태양광	10032029	360	28516	27389	68.52	2.64	2.54	2023-11-01	2023-11-30	30	109556	75067	90	0	67560	0	67560	67560	6756	74316
fSLC011	2239	청석태양광	10032030	360	29550	28631	68.52	2.74	2.65	2023-11-01	2023-11-30	30	114524	78471	90	0	70623	0	70624	70620	7062	77682
fSLC011	2689	에너지농장	10042942	700.8	41065	37501	68.52	1.95	1.78	2023-11-01	2023-11-30	30	150004	102782	90	0	92503	0	92504	92500	9250	101750
fSLC011	4392	부안그린	10032014	496.08	36291	34227	68.52	2.44	2.3	2023-11-01	2023-11-30	30	136908	93809	90	0	84428	0	84428	84420	8442	92862
fSLC011	4582	에코제주	10031999	1623.96	140016	134068	68.52	2.87	2.75	2023-11-01	2023-11-30	30	536272	367453	90	0	330707	0	330708	330700	33070	363770
fSLC011	4798	기은에코	10031853	1300.8	100367	93234	68.52	2.57	2.39	2023-11-01	2023-11-30	30	372936	255535	90	0	229981	0	229982	229980	22998	252978
fSLC011	5266	주혁3호	10033082	401.76	31352	28096	68.52	2.6	2.33	2023-11-01	2023-11-30	30	112384	77005	90	0	69304	0	69305	69300	6930	76230
fSLC011	5461	인천햇빛9호	10032037	1434.24	97517	90748	68.52	2.27	2.11	2023-11-01	2023-11-30	30	362992	248722	90	0	223849	0	223850	223850	22385	246235
fSLC011	5577	(주)해남그린에너지	10033201	9498.24	846713	779479	68.52	2.97	2.74	2023-11-01	2023-11-30	30	3117916	2136396	90	0	1922756	0	1922756	1922750	192275	2115025
fSLC011	5610	가온길에너지	10032047	2819.7	186122	169022	68.52	2.2	2	2023-11-01	2023-11-30	30	676088	463255	90	0	416929	0	416930	416930	41693	458623
fSLC011	6473	(주)디원 남도솔라	10031858	495.36	40735	37012	68.52	2.74	2.49	2023-11-01	2023-11-30	30	148048	101442	90	0	91297	0	91298	91290	9129	100419
fSLC011	6962	(유)샛별에너지	10035092	397.8	34195	30295	68.52	2.87	2.54	2023-11-01	2023-11-30	30	121180	83032	90	0	74728	0	74729	74720	7472	82192
fSLC011	7761	(유)내담에너지	10035381	397.85	33084	29535	68.52	2.77	2.47	2023-11-01	2023-11-30	30	118140	80949	90	0	72854	0	72854	72850	7285	80135
fSLC011	8979	신안해아름	10032995	995.86	83594	80018	68.52	2.8	2.68	2023-11-01	2023-11-30	30	320072	219313	90	0	197381	0	197382	197380	19738	217118
fSLC011	A817	삼원태양광	10035062	254.8	19531	16560	68.52	2.56	2.17	2023-11-01	2023-11-30	30	66240	45387	90	0	40848	0	40848	40840	4084	44924
fSLC011	AC36	아나톨1호	10033035	496.8	36523	31862	68.52	2.45	2.14	2023-11-01	2023-11-30	30	127448	87327	90	0	78594	0	78594	78590	7859	86449
fSLC011	AC37	아나톨2호	10035029	496.4	37511	32127	68.52	2.52	2.16	2023-11-01	2023-11-30	30	128508	88053	90	0	79247	0	79248	79240	7924	87164
fSLC011	AG85	유당솔라(주)	10031891	7988.76	590437	517275	68.52	2.46	2.16	2023-11-01	2023-11-30	30	2069100	1417747	90	0	1275972	0	1275972	1275970	127597	1403567
fSLC011	AH92	(유)솔라테크	10031908	996.84	80534	76408	68.52	2.69	2.56	2023-11-01	2023-11-30	30	305632	209419	90	0	188477	0	188477	188470	18847	207317
fSLC011	AH93	미래로발전	10031909	996.84	78841	74655	68.52	2.64	2.5	2023-11-01	2023-11-30	30	298620	204614	90	0	184152	0	184153	184150	18415	202565
fSLC011	AH94	(유)학장3호	10031907	996.84	77102	72868	68.52	2.58	2.44	2023-11-01	2023-11-30	30	291472	199716	90	0	179744	0	179744	179740	17974	197714